,Unnamed: 0,best_score,elapsed_time,pi_0,pi_1,pi_2,pi_3,pi_4,probability_SBX,probability_PCX,probability_DE,probability_UNDX,probability_SPX,probability_UM,nfe
0,0,0.0,0.0525519847869873,451,824,353,1320,1617,0.1666666666666666,0.1666666666666666,0.1666666666666666,0.1666666666666666,0.1666666666666666,0.1666666666666666,100
0,0,124.0,47.40862965583801,1510,1345,306,781,441,0.1666666666666666,0.1666666666666666,0.1666666666666666,0.1666666666666666,0.1666666666666666,0.1666666666666666,100068
0,0,124.0,4.717517137527466,172,966,915,1713,441,0.1666666666666666,0.1666666666666666,0.1666666666666666,0.1666666666666666,0.1666666666666666,0.1666666666666666,10093
0,0,124.0,4.783315181732178,459,1063,657,562,441,0.1666666666666666,0.1666666666666666,0.1666666666666666,0.1666666666666666,0.1666666666666666,0.1666666666666666,10237
0,0,124.0,4.845183610916138,129,966,915,1713,441,0.1666666666666666,0.1666666666666666,0.1666666666666666,0.1666666666666666,0.1666666666666666,0.1666666666666666,10382
0,0,124.0,4.907372236251831,1486,1158,456,60,441,0.1666666666666666,0.1666666666666666,0.1666666666666666,0.1666666666666666,0.1666666666666666,0.1666666666666666,10525
0,0,124.0,4.970433473587036,3,966,935,1597,441,0.1666666666666666,0.1666666666666666,0.1666666666666666,0.1666666666666666,0.1666666666666666,0.1666666666666666,10669
0,0,124.0,5.033942461013794,1006,1158,379,989,441,0.1666666666666666,0.1666666666666666,0.1666666666666666,0.1666666666666666,0.1666666666666666,0.1666666666666666,10816
0,0,124.0,5.188840866088867,1481,1158,1576,60,441,0.1666666666666666,0.1666666666666666,0.1666666666666666,0.1666666666666666,0.1666666666666666,0.1666666666666666,10959
0,0,124.0,5.2543346881866455,11,585,631,166,441,0.1666666666666666,0.1666666666666666,0.1666666666666666,0.1666666666666666,0.1666666666666666,0.1666666666666666,11105
0,0,124.0,0.5719037055969238,22,507,1053,1356,441,0.1666666666666666,0.1666666666666666,0.1666666666666666,0.1666666666666666,0.1666666666666666,0.1666666666666666,1113
0,0,124.0,5.319685935974121,1006,241,379,465,441,0.1666666666666666,0.1666666666666666,0.1666666666666666,0.1666666666666666,0.1666666666666666,0.1666666666666666,11248
0,0,124.0,5.386308908462524,854,1275,666,1672,441,0.1666666666666666,0.1666666666666666,0.1666666666666666,0.1666666666666666,0.1666666666666666,0.1666666666666666,11394
0,0,124.0,5.4529571533203125,1006,241,379,434,441,0.1666666666666666,0.1666666666666666,0.1666666666666666,0.1666666666666666,0.1666666666666666,0.1666666666666666,11543
0,0,124.0,5.517034292221069,580,884,458,0,441,0.1666666666666666,0.1666666666666666,0.1666666666666666,0.1666666666666666,0.1666666666666666,0.1666666666666666,11688
0,0,124.0,5.58341908454895,224,1276,666,1672,441,0.1666666666666666,0.1666666666666666,0.1666666666666666,0.1666666666666666,0.1666666666666666,0.1666666666666666,11835
0,0,124.0,5.64923095703125,580,884,458,0,441,0.1666666666666666,0.1666666666666666,0.1666666666666666,0.1666666666666666,0.1666666666666666,0.1666666666666666,11980
0,0,124.0,5.7161619663238525,1552,1020,580,1668,441,0.1666666666666666,0.1666666666666666,0.1666666666666666,0.1666666666666666,0.1666666666666666,0.1666666666666666,12126
0,0,124.0,5.781486034393311,1668,471,175,1697,441,0.1666666666666666,0.1666666666666666,0.1666666666666666,0.1666666666666666,0.1666666666666666,0.1666666666666666,12273
0,0,124.0,5.851372241973877,0,410,67,610,441,0.1666666666666666,0.1666666666666666,0.1666666666666666,0.1666666666666666,0.1666666666666666,0.1666666666666666,12418
0,0,124.0,5.915527820587158,1629,795,775,30,441,0.1666666666666666,0.1666666666666666,0.1666666666666666,0.1666666666666666,0.1666666666666666,0.1666666666666666,12562
0,0,124.0,0.6345515251159668,22,375,1157,1356,441,0.1666666666666666,0.1666666666666666,0.1666666666666666,0.1666666666666666,0.1666666666666666,0.1666666666666666,1257
0,0,124.0,5.980233669281006,1629,795,775,30,441,0.1666666666666666,0.1666666666666666,0.1666666666666666,0.1666666666666666,0.1666666666666666,0.1666666666666666,12706
0,0,124.0,6.04525899887085,168,1074,12,1712,441,0.1666666666666666,0.1666666666666666,0.1666666666666666,0.1666666666666666,0.1666666666666666,0.1666666666666666,12852
0,0,124.0,6.10860276222229,168,1074,12,1712,441,0.1666666666666666,0.1666666666666666,0.1666666666666666,0.1666666666666666,0.1666666666666666,0.1666666666666666,12995
0,0,124.0,6.185297012329102,168,1253,12,1712,441,0.1666666666666666,0.1666666666666666,0.1666666666666666,0.1666666666666666,0.1666666666666666,0.1666666666666666,13141
0,0,124.0,6.25137186050415,598,1487,382,1147,441,0.1666666666666666,0.1666666666666666,0.1666666666666666,0.1666666666666666,0.1666666666666666,0.1666666666666666,13284
0,0,124.0,6.315811634063721,108,1057,0,1284,441,0.1666666666666666,0.1666666666666666,0.1666666666666666,0.1666666666666666,0.1666666666666666,0.1666666666666666,13429
0,0,124.0,6.381619215011597,183,951,614,1380,441,0.1666666666666666,0.1666666666666666,0.1666666666666666,0.1666666666666666,0.1666666666666666,0.1666666666666666,13571
0,0,124.0,6.466986894607544,108,1057,0,1287,441,0.1666666666666666,0.1666666666666666,0.1666666666666666,0.1666666666666666,0.1666666666666666,0.1666666666666666,13718
0,0,124.0,6.534472227096558,1427,1068,883,1244,441,0.1666666666666666,0.1666666666666666,0.1666666666666666,0.1666666666666666,0.1666666666666666,0.1666666666666666,13859
0,0,124.0,0.706719160079956,651,1414,931,1621,441,0.1666666666666666,0.1666666666666666,0.1666666666666666,0.1666666666666666,0.1666666666666666,0.1666666666666666,1400
0,0,124.0,6.597803115844727,1348,1606,0,451,441,0.1666666666666666,0.1666666666666666,0.1666666666666666,0.1666666666666666,0.1666666666666666,0.1666666666666666,14004
0,0,124.0,6.662022113800049,261,885,0,1287,441,0.1666666666666666,0.1666666666666666,0.1666666666666666,0.1666666666666666,0.1666666666666666,0.1666666666666666,14147
0,0,124.0,6.729938745498657,10,617,0,810,441,0.1666666666666666,0.1666666666666666,0.1666666666666666,0.1666666666666666,0.1666666666666666,0.1666666666666666,14292
0,0,124.0,6.795633792877197,258,617,136,881,441,0.1666666666666666,0.1666666666666666,0.1666666666666666,0.1666666666666666,0.1666666666666666,0.1666666666666666,14435
0,0,124.0,6.862082481384277,150,1083,343,1713,441,0.1666666666666666,0.1666666666666666,0.1666666666666666,0.1666666666666666,0.1666666666666666,0.1666666666666666,14581
0,0,124.0,6.958631038665772,0,909,87,1317,441,0.1666666666666666,0.1666666666666666,0.1666666666666666,0.1666666666666666,0.1666666666666666,0.1666666666666666,14728
0,0,124.0,7.024913311004639,150,1083,343,1713,441,0.1666666666666666,0.1666666666666666,0.1666666666666666,0.1666666666666666,0.1666666666666666,0.1666666666666666,14874
0,0,124.0,7.089838027954102,0,619,87,1293,441,0.1666666666666666,0.1666666666666666,0.1666666666666666,0.1666666666666666,0.1666666666666666,0.1666666666666666,15020
0,0,124.0,7.154542207717896,557,1072,490,853,441,0.1666666666666666,0.1666666666666666,0.1666666666666666,0.1666666666666666,0.1666666666666666,0.1666666666666666,15166
0,0,124.0,7.218210935592651,874,914,146,635,441,0.1666666666666666,0.1666666666666666,0.1666666666666666,0.1666666666666666,0.1666666666666666,0.1666666666666666,15309
0,0,124.0,7.285964488983154,0,1086,201,1022,441,0.1666666666666666,0.1666666666666666,0.1666666666666666,0.1666666666666666,0.1666666666666666,0.1666666666666666,15453
0,0,124.0,0.793363094329834,12,545,1053,1356,441,0.1666666666666666,0.1666666666666666,0.1666666666666666,0.1666666666666666,0.1666666666666666,0.1666666666666666,1548
0,0,124.0,7.352160453796387,557,1005,490,853,441,0.1666666666666666,0.1666666666666666,0.1666666666666666,0.1666666666666666,0.1666666666666666,0.1666666666666666,15594
0,0,124.0,7.419595241546631,557,941,490,853,441,0.1666666666666666,0.1666666666666666,0.1666666666666666,0.1666666666666666,0.1666666666666666,0.1666666666666666,15739
0,0,124.0,7.503656387329102,29,786,94,965,441,0.1666666666666666,0.1666666666666666,0.1666666666666666,0.1666666666666666,0.1666666666666666,0.1666666666666666,15890
0,0,124.0,7.570113182067871,557,988,771,853,441,0.1666666666666666,0.1666666666666666,0.1666666666666666,0.1666666666666666,0.1666666666666666,0.1666666666666666,16039
0,0,124.0,7.636641502380371,1179,786,94,1196,441,0.1666666666666666,0.1666666666666666,0.1666666666666666,0.1666666666666666,0.1666666666666666,0.1666666666666666,16186
0,0,124.0,7.702316045761108,544,991,916,853,441,0.1666666666666666,0.1666666666666666,0.1666666666666666,0.1666666666666666,0.1666666666666666,0.1666666666666666,16328
0,0,124.0,7.765816688537598,29,873,95,205,441,0.1666666666666666,0.1666666666666666,0.1666666666666666,0.1666666666666666,0.1666666666666666,0.1666666666666666,16471
0,0,124.0,7.828798770904541,389,873,165,956,441,0.1666666666666666,0.1666666666666666,0.1666666666666666,0.1666666666666666,0.1666666666666666,0.1666666666666666,16615
0,0,124.0,7.893600940704346,1582,1103,771,1484,441,0.1666666666666666,0.1666666666666666,0.1666666666666666,0.1666666666666666,0.1666666666666666,0.1666666666666666,16763
0,0,124.0,7.960455417633057,389,873,85,1035,441,0.1666666666666666,0.1666666666666666,0.1666666666666666,0.1666666666666666,0.1666666666666666,0.1666666666666666,16906
0,0,124.0,0.8567245006561279,781,1414,1427,1171,441,0.1666666666666666,0.1666666666666666,0.1666666666666666,0.1666666666666666,0.1666666666666666,0.1666666666666666,1694
0,0,124.0,8.026864767074585,389,762,746,572,441,0.1666666666666666,0.1666666666666666,0.1666666666666666,0.1666666666666666,0.1666666666666666,0.1666666666666666,17055
0,0,124.0,8.092983722686768,6,877,337,986,441,0.1666666666666666,0.1666666666666666,0.1666666666666666,0.1666666666666666,0.1666666666666666,0.1666666666666666,17201
0,0,124.0,8.15869665145874,386,762,746,484,441,0.1666666666666666,0.1666666666666666,0.1666666666666666,0.1666666666666666,0.1666666666666666,0.1666666666666666,17346
0,0,124.0,8.223475694656372,239,1332,839,626,441,0.1666666666666666,0.1666666666666666,0.1666666666666666,0.1666666666666666,0.1666666666666666,0.1666666666666666,17491
0,0,124.0,8.288279056549072,386,991,746,469,441,0.1666666666666666,0.1666666666666666,0.1666666666666666,0.1666666666666666,0.1666666666666666,0.1666666666666666,17638
0,0,124.0,8.354301452636719,604,759,746,1255,441,0.1666666666666666,0.1666666666666666,0.1666666666666666,0.1666666666666666,0.1666666666666666,0.1666666666666666,17783
0,0,124.0,8.417649030685425,1424,991,695,1384,441,0.1666666666666666,0.1666666666666666,0.1666666666666666,0.1666666666666666,0.1666666666666666,0.1666666666666666,17930
0,0,124.0,8.485228776931763,1641,991,639,766,441,0.1666666666666666,0.1666666666666666,0.1666666666666666,0.1666666666666666,0.1666666666666666,0.1666666666666666,18076
0,0,124.0,8.549808502197266,1397,991,446,1384,441,0.1666666666666666,0.1666666666666666,0.1666666666666666,0.1666666666666666,0.1666666666666666,0.1666666666666666,18220
0,0,124.0,8.61257529258728,666,885,536,945,441,0.1666666666666666,0.1666666666666666,0.1666666666666666,0.1666666666666666,0.1666666666666666,0.1666666666666666,18363
0,0,124.0,0.9208865165710448,101,1414,273,646,441,0.1666666666666666,0.1666666666666666,0.1666666666666666,0.1666666666666666,0.1666666666666666,0.1666666666666666,1841
0,0,124.0,8.67628026008606,315,983,519,966,441,0.1666666666666666,0.1666666666666666,0.1666666666666666,0.1666666666666666,0.1666666666666666,0.1666666666666666,18507
0,0,124.0,8.742478609085083,280,983,519,966,441,0.1666666666666666,0.1666666666666666,0.1666666666666666,0.1666666666666666,0.1666666666666666,0.1666666666666666,18653
0,0,124.0,8.80928111076355,585,983,519,966,441,0.1666666666666666,0.1666666666666666,0.1666666666666666,0.1666666666666666,0.1666666666666666,0.1666666666666666,18803
0,0,124.0,8.873369216918945,280,983,1494,966,441,0.1666666666666666,0.1666666666666666,0.1666666666666666,0.1666666666666666,0.1666666666666666,0.1666666666666666,18949
0,0,124.0,8.939918279647827,280,983,1193,966,441,0.1666666666666666,0.1666666666666666,0.1666666666666666,0.1666666666666666,0.1666666666666666,0.1666666666666666,19096
0,0,124.0,9.007218837738035,347,983,1645,966,441,0.1666666666666666,0.1666666666666666,0.1666666666666666,0.1666666666666666,0.1666666666666666,0.1666666666666666,19241
0,0,124.0,9.07155156135559,280,983,642,966,441,0.1666666666666666,0.1666666666666666,0.1666666666666666,0.1666666666666666,0.1666666666666666,0.1666666666666666,19384
0,0,124.0,9.139515161514282,280,983,642,966,441,0.1666666666666666,0.1666666666666666,0.1666666666666666,0.1666666666666666,0.1666666666666666,0.1666666666666666,19529
0,0,124.0,9.202559471130373,57,1686,642,230,441,0.1666666666666666,0.1666666666666666,0.1666666666666666,0.1666666666666666,0.1666666666666666,0.1666666666666666,19675
0,0,124.0,9.339623212814333,57,1686,642,230,441,0.1666666666666666,0.1666666666666666,0.1666666666666666,0.1666666666666666,0.1666666666666666,0.1666666666666666,19816
0,0,124.0,0.9873015880584716,78,1436,248,608,441,0.1666666666666666,0.1666666666666666,0.1666666666666666,0.1666666666666666,0.1666666666666666,0.1666666666666666,1986
0,0,124.0,9.404128313064575,57,1686,642,230,441,0.1666666666666666,0.1666666666666666,0.1666666666666666,0.1666666666666666,0.1666666666666666,0.1666666666666666,19958
0,0,124.0,9.467697620391846,29,1628,694,230,441,0.1666666666666666,0.1666666666666666,0.1666666666666666,0.1666666666666666,0.1666666666666666,0.1666666666666666,20101
0,0,124.0,9.534293174743652,1156,1628,694,230,441,0.1666666666666666,0.1666666666666666,0.1666666666666666,0.1666666666666666,0.1666666666666666,0.1666666666666666,20243
0,0,124.0,9.600631952285768,387,24,694,230,441,0.1666666666666666,0.1666666666666666,0.1666666666666666,0.1666666666666666,0.1666666666666666,0.1666666666666666,20388
0,0,124.0,9.665459632873535,157,1558,587,230,441,0.1666666666666666,0.1666666666666666,0.1666666666666666,0.1666666666666666,0.1666666666666666,0.1666666666666666,20533
0,0,124.0,9.73124861717224,212,1561,714,235,441,0.1666666666666666,0.1666666666666666,0.1666666666666666,0.1666666666666666,0.1666666666666666,0.1666666666666666,20679
0,0,124.0,9.796645402908323,212,1561,1102,235,441,0.1666666666666666,0.1666666666666666,0.1666666666666666,0.1666666666666666,0.1666666666666666,0.1666666666666666,20826
0,0,124.0,9.864793062210085,164,1561,44,372,441,0.1666666666666666,0.1666666666666666,0.1666666666666666,0.1666666666666666,0.1666666666666666,0.1666666666666666,20970
0,0,124.0,9.929674863815308,387,48,1063,544,441,0.1666666666666666,0.1666666666666666,0.1666666666666666,0.1666666666666666,0.1666666666666666,0.1666666666666666,21114
0,0,124.0,9.993377447128296,420,1561,665,689,441,0.1666666666666666,0.1666666666666666,0.1666666666666666,0.1666666666666666,0.1666666666666666,0.1666666666666666,21261
0,0,124.0,1.0515694618225098,101,1437,273,646,441,0.1666666666666666,0.1666666666666666,0.1666666666666666,0.1666666666666666,0.1666666666666666,0.1666666666666666,2132
0,0,124.0,10.058634996414185,387,1713,278,544,441,0.1666666666666666,0.1666666666666666,0.1666666666666666,0.1666666666666666,0.1666666666666666,0.1666666666666666,21407
0,0,124.0,10.122873067855837,420,1561,665,665,441,0.1666666666666666,0.1666666666666666,0.1666666666666666,0.1666666666666666,0.1666666666666666,0.1666666666666666,21554
0,0,124.0,10.18760085105896,114,247,374,60,441,0.1666666666666666,0.1666666666666666,0.1666666666666666,0.1666666666666666,0.1666666666666666,0.1666666666666666,21700
0,0,124.0,10.249390363693236,343,1709,278,478,441,0.1666666666666666,0.1666666666666666,0.1666666666666666,0.1666666666666666,0.1666666666666666,0.1666666666666666,21843
0,0,124.0,10.315871000289915,343,1713,278,478,441,0.1666666666666666,0.1666666666666666,0.1666666666666666,0.1666666666666666,0.1666666666666666,0.1666666666666666,21986
0,0,124.0,10.381492376327516,468,1227,278,544,441,0.1666666666666666,0.1666666666666666,0.1666666666666666,0.1666666666666666,0.1666666666666666,0.1666666666666666,22132
0,0,124.0,10.445242643356323,337,1343,291,104,441,0.1666666666666666,0.1666666666666666,0.1666666666666666,0.1666666666666666,0.1666666666666666,0.1666666666666666,22281
0,0,124.0,10.509856939315796,623,741,529,182,441,0.1666666666666666,0.1666666666666666,0.1666666666666666,0.1666666666666666,0.1666666666666666,0.1666666666666666,22427
0,0,124.0,10.572609901428224,611,765,598,391,441,0.1666666666666666,0.1666666666666666,0.1666666666666666,0.1666666666666666,0.1666666666666666,0.1666666666666666,22573
0,0,124.0,10.639302015304564,769,765,598,391,441,0.1666666666666666,0.1666666666666666,0.1666666666666666,0.1666666666666666,0.1666666666666666,0.1666666666666666,22721
0,0,124.0,1.1167607307434082,101,1437,250,646,441,0.1666666666666666,0.1666666666666666,0.1666666666666666,0.1666666666666666,0.1666666666666666,0.1666666666666666,2279
0,0,124.0,10.702596664428713,429,774,529,139,441,0.1666666666666666,0.1666666666666666,0.1666666666666666,0.1666666666666666,0.1666666666666666,0.1666666666666666,22867
0,0,124.0,10.767017602920532,561,774,646,256,441,0.1666666666666666,0.1666666666666666,0.1666666666666666,0.1666666666666666,0.1666666666666666,0.1666666666666666,23013
0,0,124.0,10.833097457885742,561,774,646,256,441,0.1666666666666666,0.1666666666666666,0.1666666666666666,0.1666666666666666,0.1666666666666666,0.1666666666666666,23157
0,0,124.0,10.897452354431152,493,848,417,276,441,0.1666666666666666,0.1666666666666666,0.1666666666666666,0.1666666666666666,0.1666666666666666,0.1666666666666666,23301
0,0,124.0,10.962130069732666,523,774,608,366,441,0.1666666666666666,0.1666666666666666,0.1666666666666666,0.1666666666666666,0.1666666666666666,0.1666666666666666,23445
0,0,124.0,11.03052306175232,476,795,608,366,441,0.1666666666666666,0.1666666666666666,0.1666666666666666,0.1666666666666666,0.1666666666666666,0.1666666666666666,23591
0,0,124.0,11.094858646392822,44,795,608,1431,441,0.1666666666666666,0.1666666666666666,0.1666666666666666,0.1666666666666666,0.1666666666666666,0.1666666666666666,23738
0,0,124.0,11.157064437866213,1198,345,608,437,441,0.1666666666666666,0.1666666666666666,0.1666666666666666,0.1666666666666666,0.1666666666666666,0.1666666666666666,23880
0,0,124.0,11.22058892250061,476,795,439,748,441,0.1666666666666666,0.1666666666666666,0.1666666666666666,0.1666666666666666,0.1666666666666666,0.1666666666666666,24025
0,0,124.0,11.286357641220093,1177,345,608,437,441,0.1666666666666666,0.1666666666666666,0.1666666666666666,0.1666666666666666,0.1666666666666666,0.1666666666666666,24174
0,0,124.0,1.1778621673583984,101,1170,273,646,441,0.1666666666666666,0.1666666666666666,0.1666666666666666,0.1666666666666666,0.1666666666666666,0.1666666666666666,2423
0,0,124.0,11.350237369537354,476,795,439,748,441,0.1666666666666666,0.1666666666666666,0.1666666666666666,0.1666666666666666,0.1666666666666666,0.1666666666666666,24317
0,0,124.0,11.41606092453003,1596,318,608,437,441,0.1666666666666666,0.1666666666666666,0.1666666666666666,0.1666666666666666,0.1666666666666666,0.1666666666666666,24464
0,0,124.0,11.48264479637146,700,303,602,289,441,0.1666666666666666,0.1666666666666666,0.1666666666666666,0.1666666666666666,0.1666666666666666,0.1666666666666666,24615
0,0,124.0,0.1739857196807861,847,443,1248,1356,441,0.1666666666666666,0.1666666666666666,0.1666666666666666,0.1666666666666666,0.1666666666666666,0.1666666666666666,247
0,0,124.0,11.560006141662598,180,1280,958,1164,441,0.1666666666666666,0.1666666666666666,0.1666666666666666,0.1666666666666666,0.1666666666666666,0.1666666666666666,24755
0,0,124.0,11.62644648551941,180,1331,1158,1164,441,0.1666666666666666,0.1666666666666666,0.1666666666666666,0.1666666666666666,0.1666666666666666,0.1666666666666666,24901
0,0,124.0,11.690357446670532,180,1301,485,1164,441,0.1666666666666666,0.1666666666666666,0.1666666666666666,0.1666666666666666,0.1666666666666666,0.1666666666666666,25044
0,0,124.0,11.75990605354309,180,1301,485,1164,441,0.1666666666666666,0.1666666666666666,0.1666666666666666,0.1666666666666666,0.1666666666666666,0.1666666666666666,25188
0,0,124.0,11.828896760940552,180,1274,795,1164,441,0.1666666666666666,0.1666666666666666,0.1666666666666666,0.1666666666666666,0.1666666666666666,0.1666666666666666,25336
0,0,124.0,11.893933296203612,1327,1274,795,1164,441,0.1666666666666666,0.1666666666666666,0.1666666666666666,0.1666666666666666,0.1666666666666666,0.1666666666666666,25483
0,0,124.0,11.960160493850708,180,1487,795,1227,441,0.1666666666666666,0.1666666666666666,0.1666666666666666,0.1666666666666666,0.1666666666666666,0.1666666666666666,25630
0,0,124.0,1.2408990859985352,101,1540,250,646,441,0.1666666666666666,0.1666666666666666,0.1666666666666666,0.1666666666666666,0.1666666666666666,0.1666666666666666,2568
0,0,124.0,12.025157690048218,180,1487,795,1227,441,0.1666666666666666,0.1666666666666666,0.1666666666666666,0.1666666666666666,0.1666666666666666,0.1666666666666666,25772
0,0,124.0,12.092105627059937,1333,1487,795,1027,441,0.1666666666666666,0.1666666666666666,0.1666666666666666,0.1666666666666666,0.1666666666666666,0.1666666666666666,25919
0,0,124.0,12.156111240386965,180,1713,726,1227,441,0.1666666666666666,0.1666666666666666,0.1666666666666666,0.1666666666666666,0.1666666666666666,0.1666666666666666,26063
0,0,124.0,12.222354173660278,429,1487,794,1364,441,0.1666666666666666,0.1666666666666666,0.1666666666666666,0.1666666666666666,0.1666666666666666,0.1666666666666666,26206
0,0,124.0,12.28946614265442,749,1521,858,516,441,0.1666666666666666,0.1666666666666666,0.1666666666666666,0.1666666666666666,0.1666666666666666,0.1666666666666666,26352
0,0,124.0,12.356276035308838,992,1487,794,1364,441,0.1666666666666666,0.1666666666666666,0.1666666666666666,0.1666666666666666,0.1666666666666666,0.1666666666666666,26496
0,0,124.0,12.423443794250488,429,1496,794,1364,441,0.1666666666666666,0.1666666666666666,0.1666666666666666,0.1666666666666666,0.1666666666666666,0.1666666666666666,26643
0,0,124.0,12.491679430007936,180,289,736,933,441,0.1666666666666666,0.1666666666666666,0.1666666666666666,0.1666666666666666,0.1666666666666666,0.1666666666666666,26787
0,0,124.0,12.558069229125977,992,1454,865,1364,441,0.1666666666666666,0.1666666666666666,0.1666666666666666,0.1666666666666666,0.1666666666666666,0.1666666666666666,26931
0,0,124.0,12.621474266052246,1292,983,794,158,441,0.1666666666666666,0.1666666666666666,0.1666666666666666,0.1666666666666666,0.1666666666666666,0.1666666666666666,27075
0,0,124.0,1.3035259246826172,101,1170,228,646,441,0.1666666666666666,0.1666666666666666,0.1666666666666666,0.1666666666666666,0.1666666666666666,0.1666666666666666,2712
0,0,124.0,12.690139055252075,1292,263,794,158,441,0.1666666666666666,0.1666666666666666,0.1666666666666666,0.1666666666666666,0.1666666666666666,0.1666666666666666,27225
0,0,124.0,12.754982948303224,1292,263,796,158,441,0.1666666666666666,0.1666666666666666,0.1666666666666666,0.1666666666666666,0.1666666666666666,0.1666666666666666,27370
0,0,124.0,12.821255207061768,504,263,779,158,441,0.1666666666666666,0.1666666666666666,0.1666666666666666,0.1666666666666666,0.1666666666666666,0.1666666666666666,27512
0,0,124.0,12.882675170898438,1078,690,1075,1046,441,0.1666666666666666,0.1666666666666666,0.1666666666666666,0.1666666666666666,0.1666666666666666,0.1666666666666666,27648
0,0,124.0,12.948769807815552,537,442,1645,77,441,0.1666666666666666,0.1666666666666666,0.1666666666666666,0.1666666666666666,0.1666666666666666,0.1666666666666666,27796
0,0,124.0,13.013373613357544,537,442,1645,77,441,0.1666666666666666,0.1666666666666666,0.1666666666666666,0.1666666666666666,0.1666666666666666,0.1666666666666666,27936
0,0,124.0,13.169562578201294,537,442,1645,65,441,0.1666666666666666,0.1666666666666666,0.1666666666666666,0.1666666666666666,0.1666666666666666,0.1666666666666666,28081
0,0,124.0,13.233662366867064,542,152,1493,229,441,0.1666666666666666,0.1666666666666666,0.1666666666666666,0.1666666666666666,0.1666666666666666,0.1666666666666666,28224
0,0,124.0,13.335938215255736,537,565,509,77,441,0.1666666666666666,0.1666666666666666,0.1666666666666666,0.1666666666666666,0.1666666666666666,0.1666666666666666,28370
0,0,124.0,13.402601957321169,537,565,750,77,441,0.1666666666666666,0.1666666666666666,0.1666666666666666,0.1666666666666666,0.1666666666666666,0.1666666666666666,28517
0,0,124.0,1.3713278770446775,102,1438,249,631,441,0.1666666666666666,0.1666666666666666,0.1666666666666666,0.1666666666666666,0.1666666666666666,0.1666666666666666,2856
0,0,124.0,13.467799186706545,537,565,750,77,441,0.1666666666666666,0.1666666666666666,0.1666666666666666,0.1666666666666666,0.1666666666666666,0.1666666666666666,28662
0,0,124.0,13.535876989364624,970,235,1677,122,441,0.1666666666666666,0.1666666666666666,0.1666666666666666,0.1666666666666666,0.1666666666666666,0.1666666666666666,28807
0,0,124.0,13.691295862197876,565,610,687,701,441,0.1666666666666666,0.1666666666666666,0.1666666666666666,0.1666666666666666,0.1666666666666666,0.1666666666666666,28955
0,0,124.0,13.771036624908447,971,0,1691,830,441,0.1666666666666666,0.1666666666666666,0.1666666666666666,0.1666666666666666,0.1666666666666666,0.1666666666666666,29101
0,0,124.0,13.832648992538452,907,361,1677,122,441,0.1666666666666666,0.1666666666666666,0.1666666666666666,0.1666666666666666,0.1666666666666666,0.1666666666666666,29243
0,0,124.0,13.895169258117676,537,567,626,1466,441,0.1666666666666666,0.1666666666666666,0.1666666666666666,0.1666666666666666,0.1666666666666666,0.1666666666666666,29388
0,0,124.0,13.978482961654665,971,0,1670,799,441,0.1666666666666666,0.1666666666666666,0.1666666666666666,0.1666666666666666,0.1666666666666666,0.1666666666666666,29531
0,0,124.0,14.046526432037354,537,567,626,1466,441,0.1666666666666666,0.1666666666666666,0.1666666666666666,0.1666666666666666,0.1666666666666666,0.1666666666666666,29678
0,0,124.0,14.113458395004272,819,890,626,350,441,0.1666666666666666,0.1666666666666666,0.1666666666666666,0.1666666666666666,0.1666666666666666,0.1666666666666666,29829
0,0,124.0,14.234821557998655,819,890,626,350,441,0.1666666666666666,0.1666666666666666,0.1666666666666666,0.1666666666666666,0.1666666666666666,0.1666666666666666,29972
0,0,124.0,1.4355509281158447,39,1438,249,631,441,0.1666666666666666,0.1666666666666666,0.1666666666666666,0.1666666666666666,0.1666666666666666,0.1666666666666666,3002
0,0,124.0,14.301308393478394,819,890,626,350,441,0.1666666666666666,0.1666666666666666,0.1666666666666666,0.1666666666666666,0.1666666666666666,0.1666666666666666,30119
0,0,124.0,14.369609594345093,745,680,887,715,441,0.1666666666666666,0.1666666666666666,0.1666666666666666,0.1666666666666666,0.1666666666666666,0.1666666666666666,30266
0,0,124.0,14.433071374893188,745,680,965,715,441,0.1666666666666666,0.1666666666666666,0.1666666666666666,0.1666666666666666,0.1666666666666666,0.1666666666666666,30409
0,0,124.0,14.514241933822632,1000,680,965,715,441,0.1666666666666666,0.1666666666666666,0.1666666666666666,0.1666666666666666,0.1666666666666666,0.1666666666666666,30553
0,0,124.0,14.578935623168944,745,555,965,643,441,0.1666666666666666,0.1666666666666666,0.1666666666666666,0.1666666666666666,0.1666666666666666,0.1666666666666666,30696
0,0,124.0,14.643323421478271,789,820,1022,927,441,0.1666666666666666,0.1666666666666666,0.1666666666666666,0.1666666666666666,0.1666666666666666,0.1666666666666666,30846
0,0,124.0,14.70788025856018,745,555,965,643,441,0.1666666666666666,0.1666666666666666,0.1666666666666666,0.1666666666666666,0.1666666666666666,0.1666666666666666,30991
0,0,124.0,14.775468111038208,618,1207,965,1386,441,0.1666666666666666,0.1666666666666666,0.1666666666666666,0.1666666666666666,0.1666666666666666,0.1666666666666666,31138
0,0,124.0,14.842142343521118,1000,712,850,810,441,0.1666666666666666,0.1666666666666666,0.1666666666666666,0.1666666666666666,0.1666666666666666,0.1666666666666666,31284
0,0,124.0,14.905873775482178,1000,680,817,810,441,0.1666666666666666,0.1666666666666666,0.1666666666666666,0.1666666666666666,0.1666666666666666,0.1666666666666666,31427
0,0,124.0,1.5011236667633057,102,1438,249,1131,441,0.1666666666666666,0.1666666666666666,0.1666666666666666,0.1666666666666666,0.1666666666666666,0.1666666666666666,3145
0,0,124.0,14.970323324203491,688,712,965,804,441,0.1666666666666666,0.1666666666666666,0.1666666666666666,0.1666666666666666,0.1666666666666666,0.1666666666666666,31570
0,0,124.0,15.038267612457275,1000,680,817,870,441,0.1666666666666666,0.1666666666666666,0.1666666666666666,0.1666666666666666,0.1666666666666666,0.1666666666666666,31716
0,0,124.0,15.104836225509644,758,877,1231,460,441,0.1666666666666666,0.1666666666666666,0.1666666666666666,0.1666666666666666,0.1666666666666666,0.1666666666666666,31865
0,0,124.0,15.17143487930298,1240,717,662,875,441,0.1666666666666666,0.1666666666666666,0.1666666666666666,0.1666666666666666,0.1666666666666666,0.1666666666666666,32012
0,0,124.0,15.236698627471924,697,762,1234,762,441,0.1666666666666666,0.1666666666666666,0.1666666666666666,0.1666666666666666,0.1666666666666666,0.1666666666666666,32161
0,0,124.0,15.304913520812988,139,726,1266,886,441,0.1666666666666666,0.1666666666666666,0.1666666666666666,0.1666666666666666,0.1666666666666666,0.1666666666666666,32304
0,0,124.0,15.37334370613098,868,763,1223,646,441,0.1666666666666666,0.1666666666666666,0.1666666666666666,0.1666666666666666,0.1666666666666666,0.1666666666666666,32453
0,0,124.0,15.441243171691896,868,763,892,646,441,0.1666666666666666,0.1666666666666666,0.1666666666666666,0.1666666666666666,0.1666666666666666,0.1666666666666666,32599
0,0,124.0,15.517573356628418,1014,989,1442,1552,441,0.1666666666666666,0.1666666666666666,0.1666666666666666,0.1666666666666666,0.1666666666666666,0.1666666666666666,32743
0,0,124.0,15.586231470108032,1014,989,395,1510,441,0.1666666666666666,0.1666666666666666,0.1666666666666666,0.1666666666666666,0.1666666666666666,0.1666666666666666,32889
0,0,124.0,1.5671513080596924,31,1438,249,664,441,0.1666666666666666,0.1666666666666666,0.1666666666666666,0.1666666666666666,0.1666666666666666,0.1666666666666666,3293
0,0,124.0,15.653724908828735,868,1623,892,646,441,0.1666666666666666,0.1666666666666666,0.1666666666666666,0.1666666666666666,0.1666666666666666,0.1666666666666666,33036
0,0,124.0,15.71716809272766,89,39,1442,47,441,0.1666666666666666,0.1666666666666666,0.1666666666666666,0.1666666666666666,0.1666666666666666,0.1666666666666666,33180
0,0,124.0,15.782529592514038,1120,123,433,1006,441,0.1666666666666666,0.1666666666666666,0.1666666666666666,0.1666666666666666,0.1666666666666666,0.1666666666666666,33328
0,0,124.0,15.846253633499146,1584,387,400,488,441,0.1666666666666666,0.1666666666666666,0.1666666666666666,0.1666666666666666,0.1666666666666666,0.1666666666666666,33471
0,0,124.0,15.909959316253662,1120,1275,1437,73,441,0.1666666666666666,0.1666666666666666,0.1666666666666666,0.1666666666666666,0.1666666666666666,0.1666666666666666,33617
0,0,124.0,15.973641633987429,1213,1268,381,666,441,0.1666666666666666,0.1666666666666666,0.1666666666666666,0.1666666666666666,0.1666666666666666,0.1666666666666666,33759
0,0,124.0,16.048351764678955,849,662,1019,563,441,0.1666666666666666,0.1666666666666666,0.1666666666666666,0.1666666666666666,0.1666666666666666,0.1666666666666666,33907
0,0,124.0,16.110655784606934,773,662,1019,1187,441,0.1666666666666666,0.1666666666666666,0.1666666666666666,0.1666666666666666,0.1666666666666666,0.1666666666666666,34051
0,0,124.0,16.17784833908081,737,662,1019,1118,441,0.1666666666666666,0.1666666666666666,0.1666666666666666,0.1666666666666666,0.1666666666666666,0.1666666666666666,34199
0,0,124.0,16.24333643913269,773,662,1019,1166,441,0.1666666666666666,0.1666666666666666,0.1666666666666666,0.1666666666666666,0.1666666666666666,0.1666666666666666,34344
0,0,124.0,1.7206971645355225,39,1438,249,1066,441,0.1666666666666666,0.1666666666666666,0.1666666666666666,0.1666666666666666,0.1666666666666666,0.1666666666666666,3442
0,0,124.0,16.30628228187561,831,1230,602,23,441,0.1666666666666666,0.1666666666666666,0.1666666666666666,0.1666666666666666,0.1666666666666666,0.1666666666666666,34488
0,0,124.0,16.370880126953125,831,1230,602,23,441,0.1666666666666666,0.1666666666666666,0.1666666666666666,0.1666666666666666,0.1666666666666666,0.1666666666666666,34628
0,0,124.0,16.4356107711792,831,1230,602,23,441,0.1666666666666666,0.1666666666666666,0.1666666666666666,0.1666666666666666,0.1666666666666666,0.1666666666666666,34772
0,0,124.0,16.500925064086914,950,663,823,1200,441,0.1666666666666666,0.1666666666666666,0.1666666666666666,0.1666666666666666,0.1666666666666666,0.1666666666666666,34917
0,0,124.0,16.580694437026978,701,1208,602,11,441,0.1666666666666666,0.1666666666666666,0.1666666666666666,0.1666666666666666,0.1666666666666666,0.1666666666666666,35062
0,0,124.0,16.647273302078247,769,932,602,23,441,0.1666666666666666,0.1666666666666666,0.1666666666666666,0.1666666666666666,0.1666666666666666,0.1666666666666666,35209
0,0,124.0,16.714202642440796,831,701,1101,11,441,0.1666666666666666,0.1666666666666666,0.1666666666666666,0.1666666666666666,0.1666666666666666,0.1666666666666666,35355
0,0,124.0,16.779979467391968,514,944,591,10,441,0.1666666666666666,0.1666666666666666,0.1666666666666666,0.1666666666666666,0.1666666666666666,0.1666666666666666,35502
0,0,124.0,16.846041679382324,831,701,1101,11,441,0.1666666666666666,0.1666666666666666,0.1666666666666666,0.1666666666666666,0.1666666666666666,0.1666666666666666,35647
0,0,124.0,16.911653518676758,514,944,859,10,441,0.1666666666666666,0.1666666666666666,0.1666666666666666,0.1666666666666666,0.1666666666666666,0.1666666666666666,35792
0,0,124.0,1.7854022979736328,847,1688,611,637,441,0.1666666666666666,0.1666666666666666,0.1666666666666666,0.1666666666666666,0.1666666666666666,0.1666666666666666,3585
0,0,124.0,16.97691535949707,686,1200,399,33,441,0.1666666666666666,0.1666666666666666,0.1666666666666666,0.1666666666666666,0.1666666666666666,0.1666666666666666,35939
0,0,124.0,17.043718814849854,526,1426,497,0,441,0.1666666666666666,0.1666666666666666,0.1666666666666666,0.1666666666666666,0.1666666666666666,0.1666666666666666,36088
0,0,124.0,17.1086528301239,657,584,781,500,441,0.1666666666666666,0.1666666666666666,0.1666666666666666,0.1666666666666666,0.1666666666666666,0.1666666666666666,36234
0,0,124.0,17.174882888793945,514,1206,587,128,441,0.1666666666666666,0.1666666666666666,0.1666666666666666,0.1666666666666666,0.1666666666666666,0.1666666666666666,36378
0,0,124.0,17.25411820411682,657,933,781,500,441,0.1666666666666666,0.1666666666666666,0.1666666666666666,0.1666666666666666,0.1666666666666666,0.1666666666666666,36525
0,0,124.0,17.337063550949097,303,1384,587,120,441,0.1666666666666666,0.1666666666666666,0.1666666666666666,0.1666666666666666,0.1666666666666666,0.1666666666666666,36672
0,0,124.0,17.40460443496704,303,1439,512,120,441,0.1666666666666666,0.1666666666666666,0.1666666666666666,0.1666666666666666,0.1666666666666666,0.1666666666666666,36814
0,0,124.0,17.468351364135742,303,1384,585,407,441,0.1666666666666666,0.1666666666666666,0.1666666666666666,0.1666666666666666,0.1666666666666666,0.1666666666666666,36959
0,0,124.0,17.532546281814575,303,1439,512,120,441,0.1666666666666666,0.1666666666666666,0.1666666666666666,0.1666666666666666,0.1666666666666666,0.1666666666666666,37101
0,0,124.0,17.594731330871582,303,1439,512,206,441,0.1666666666666666,0.1666666666666666,0.1666666666666666,0.1666666666666666,0.1666666666666666,0.1666666666666666,37245
0,0,124.0,1.8507277965545652,847,1460,498,319,441,0.1666666666666666,0.1666666666666666,0.1666666666666666,0.1666666666666666,0.1666666666666666,0.1666666666666666,3729
0,0,124.0,17.65966033935547,303,1439,512,75,441,0.1666666666666666,0.1666666666666666,0.1666666666666666,0.1666666666666666,0.1666666666666666,0.1666666666666666,37390
0,0,124.0,17.72262215614319,303,1439,1383,261,441,0.1666666666666666,0.1666666666666666,0.1666666666666666,0.1666666666666666,0.1666666666666666,0.1666666666666666,37539
0,0,124.0,17.875969171524048,303,1439,1383,261,441,0.1666666666666666,0.1666666666666666,0.1666666666666666,0.1666666666666666,0.1666666666666666,0.1666666666666666,37682
0,0,124.0,17.94168472290039,415,1396,1334,277,441,0.1666666666666666,0.1666666666666666,0.1666666666666666,0.1666666666666666,0.1666666666666666,0.1666666666666666,37826
0,0,124.0,18.007805824279785,415,1396,1334,277,441,0.1666666666666666,0.1666666666666666,0.1666666666666666,0.1666666666666666,0.1666666666666666,0.1666666666666666,37975
0,0,124.0,18.07040882110596,415,1396,1334,509,441,0.1666666666666666,0.1666666666666666,0.1666666666666666,0.1666666666666666,0.1666666666666666,0.1666666666666666,38121
0,0,124.0,18.134377241134644,457,1023,1334,509,441,0.1666666666666666,0.1666666666666666,0.1666666666666666,0.1666666666666666,0.1666666666666666,0.1666666666666666,38266
0,0,124.0,18.20270657539368,415,1396,1365,277,441,0.1666666666666666,0.1666666666666666,0.1666666666666666,0.1666666666666666,0.1666666666666666,0.1666666666666666,38410
0,0,124.0,18.266746520996094,415,1396,1365,277,441,0.1666666666666666,0.1666666666666666,0.1666666666666666,0.1666666666666666,0.1666666666666666,0.1666666666666666,38558
0,0,124.0,18.361925840377808,415,1396,1365,277,441,0.1666666666666666,0.1666666666666666,0.1666666666666666,0.1666666666666666,0.1666666666666666,0.1666666666666666,38706
0,0,124.0,1.915416240692139,847,1688,99,637,441,0.1666666666666666,0.1666666666666666,0.1666666666666666,0.1666666666666666,0.1666666666666666,0.1666666666666666,3875
0,0,124.0,18.42756414413452,415,1396,1365,277,441,0.1666666666666666,0.1666666666666666,0.1666666666666666,0.1666666666666666,0.1666666666666666,0.1666666666666666,38856
0,0,124.0,18.49258780479431,496,615,15,279,441,0.1666666666666666,0.1666666666666666,0.1666666666666666,0.1666666666666666,0.1666666666666666,0.1666666666666666,39002
0,0,124.0,18.556545972824097,680,1126,875,304,441,0.1666666666666666,0.1666666666666666,0.1666666666666666,0.1666666666666666,0.1666666666666666,0.1666666666666666,39148
0,0,124.0,0.2417225837707519,847,443,1248,1356,441,0.1666666666666666,0.1666666666666666,0.1666666666666666,0.1666666666666666,0.1666666666666666,0.1666666666666666,392
0,0,124.0,18.619564056396484,484,1126,875,304,441,0.1666666666666666,0.1666666666666666,0.1666666666666666,0.1666666666666666,0.1666666666666666,0.1666666666666666,39285
0,0,124.0,18.712239503860477,680,1126,875,304,441,0.1666666666666666,0.1666666666666666,0.1666666666666666,0.1666666666666666,0.1666666666666666,0.1666666666666666,39431
0,0,124.0,18.776573181152344,712,815,1005,519,441,0.1666666666666666,0.1666666666666666,0.1666666666666666,0.1666666666666666,0.1666666666666666,0.1666666666666666,39578
0,0,124.0,18.839988946914676,494,919,851,107,441,0.1666666666666666,0.1666666666666666,0.1666666666666666,0.1666666666666666,0.1666666666666666,0.1666666666666666,39723
0,0,124.0,18.902657985687256,520,919,867,348,441,0.1666666666666666,0.1666666666666666,0.1666666666666666,0.1666666666666666,0.1666666666666666,0.1666666666666666,39871
0,0,124.0,18.970376014709476,429,919,851,107,441,0.1666666666666666,0.1666666666666666,0.1666666666666666,0.1666666666666666,0.1666666666666666,0.1666666666666666,40018
0,0,124.0,19.03636312484741,675,837,796,662,441,0.1666666666666666,0.1666666666666666,0.1666666666666666,0.1666666666666666,0.1666666666666666,0.1666666666666666,40164
0,0,124.0,1.9782166481018064,847,1460,498,319,441,0.1666666666666666,0.1666666666666666,0.1666666666666666,0.1666666666666666,0.1666666666666666,0.1666666666666666,4019
0,0,124.0,19.10434317588806,483,919,851,107,441,0.1666666666666666,0.1666666666666666,0.1666666666666666,0.1666666666666666,0.1666666666666666,0.1666666666666666,40310
0,0,124.0,19.16913056373596,402,919,851,107,441,0.1666666666666666,0.1666666666666666,0.1666666666666666,0.1666666666666666,0.1666666666666666,0.1666666666666666,40455
0,0,124.0,19.23848056793213,810,919,851,459,441,0.1666666666666666,0.1666666666666666,0.1666666666666666,0.1666666666666666,0.1666666666666666,0.1666666666666666,40604
0,0,124.0,19.30091953277588,402,919,851,107,441,0.1666666666666666,0.1666666666666666,0.1666666666666666,0.1666666666666666,0.1666666666666666,0.1666666666666666,40744
0,0,124.0,19.36666202545166,469,908,804,394,441,0.1666666666666666,0.1666666666666666,0.1666666666666666,0.1666666666666666,0.1666666666666666,0.1666666666666666,40892
0,0,124.0,19.430641651153564,402,919,851,103,441,0.1666666666666666,0.1666666666666666,0.1666666666666666,0.1666666666666666,0.1666666666666666,0.1666666666666666,41037
0,0,124.0,19.494561433792114,832,519,982,611,441,0.1666666666666666,0.1666666666666666,0.1666666666666666,0.1666666666666666,0.1666666666666666,0.1666666666666666,41181
0,0,124.0,19.558204650878903,117,951,106,143,441,0.1666666666666666,0.1666666666666666,0.1666666666666666,0.1666666666666666,0.1666666666666666,0.1666666666666666,41325
0,0,124.0,19.62898302078247,402,883,775,116,441,0.1666666666666666,0.1666666666666666,0.1666666666666666,0.1666666666666666,0.1666666666666666,0.1666666666666666,41469
0,0,124.0,19.694254875183105,819,852,951,271,441,0.1666666666666666,0.1666666666666666,0.1666666666666666,0.1666666666666666,0.1666666666666666,0.1666666666666666,41613
0,0,124.0,2.061424016952514,809,1688,99,1457,441,0.1666666666666666,0.1666666666666666,0.1666666666666666,0.1666666666666666,0.1666666666666666,0.1666666666666666,4164
0,0,124.0,19.76744270324707,845,717,1135,567,441,0.1666666666666666,0.1666666666666666,0.1666666666666666,0.1666666666666666,0.1666666666666666,0.1666666666666666,41760
0,0,124.0,19.830829858779907,351,836,148,329,441,0.1666666666666666,0.1666666666666666,0.1666666666666666,0.1666666666666666,0.1666666666666666,0.1666666666666666,41905
0,0,124.0,19.896716833114624,1014,927,951,168,441,0.1666666666666666,0.1666666666666666,0.1666666666666666,0.1666666666666666,0.1666666666666666,0.1666666666666666,42049
0,0,124.0,19.96067786216736,351,836,572,329,441,0.1666666666666666,0.1666666666666666,0.1666666666666666,0.1666666666666666,0.1666666666666666,0.1666666666666666,42196
0,0,124.0,20.02436637878418,1586,693,1189,758,441,0.1666666666666666,0.1666666666666666,0.1666666666666666,0.1666666666666666,0.1666666666666666,0.1666666666666666,42344
0,0,124.0,20.09167218208313,351,823,374,317,441,0.1666666666666666,0.1666666666666666,0.1666666666666666,0.1666666666666666,0.1666666666666666,0.1666666666666666,42493
0,0,124.0,20.15635871887207,351,809,374,317,441,0.1666666666666666,0.1666666666666666,0.1666666666666666,0.1666666666666666,0.1666666666666666,0.1666666666666666,42637
0,0,124.0,20.22197961807251,1117,859,1089,317,441,0.1666666666666666,0.1666666666666666,0.1666666666666666,0.1666666666666666,0.1666666666666666,0.1666666666666666,42786
0,0,124.0,20.287943363189697,767,1253,779,651,441,0.1666666666666666,0.1666666666666666,0.1666666666666666,0.1666666666666666,0.1666666666666666,0.1666666666666666,42930
0,0,124.0,20.352401971817017,351,823,374,317,441,0.1666666666666666,0.1666666666666666,0.1666666666666666,0.1666666666666666,0.1666666666666666,0.1666666666666666,43076
0,0,124.0,2.123373031616211,824,1647,125,488,441,0.1666666666666666,0.1666666666666666,0.1666666666666666,0.1666666666666666,0.1666666666666666,0.1666666666666666,4309
0,0,124.0,20.418339252471924,351,823,374,353,441,0.1666666666666666,0.1666666666666666,0.1666666666666666,0.1666666666666666,0.1666666666666666,0.1666666666666666,43221
0,0,124.0,20.482351303100582,1074,1233,1501,563,441,0.1666666666666666,0.1666666666666666,0.1666666666666666,0.1666666666666666,0.1666666666666666,0.1666666666666666,43364
0,0,124.0,20.54919958114624,581,960,626,560,441,0.1666666666666666,0.1666666666666666,0.1666666666666666,0.1666666666666666,0.1666666666666666,0.1666666666666666,43506
0,0,124.0,20.615598917007446,1519,1536,0,572,441,0.1666666666666666,0.1666666666666666,0.1666666666666666,0.1666666666666666,0.1666666666666666,0.1666666666666666,43653
0,0,124.0,20.68149447441101,301,652,435,475,441,0.1666666666666666,0.1666666666666666,0.1666666666666666,0.1666666666666666,0.1666666666666666,0.1666666666666666,43800
0,0,124.0,20.762094020843502,301,652,435,475,441,0.1666666666666666,0.1666666666666666,0.1666666666666666,0.1666666666666666,0.1666666666666666,0.1666666666666666,43946
0,0,124.0,20.82650589942932,599,1044,626,755,441,0.1666666666666666,0.1666666666666666,0.1666666666666666,0.1666666666666666,0.1666666666666666,0.1666666666666666,44090
0,0,124.0,20.890324354171756,301,652,435,475,441,0.1666666666666666,0.1666666666666666,0.1666666666666666,0.1666666666666666,0.1666666666666666,0.1666666666666666,44233
0,0,124.0,20.953304052352905,675,1108,626,755,441,0.1666666666666666,0.1666666666666666,0.1666666666666666,0.1666666666666666,0.1666666666666666,0.1666666666666666,44376
0,0,124.0,21.016037702560425,824,994,437,1528,441,0.1666666666666666,0.1666666666666666,0.1666666666666666,0.1666666666666666,0.1666666666666666,0.1666666666666666,44521
0,0,124.0,2.1876330375671387,976,928,133,637,441,0.1666666666666666,0.1666666666666666,0.1666666666666666,0.1666666666666666,0.1666666666666666,0.1666666666666666,4456
0,0,124.0,21.083542346954346,301,652,266,475,441,0.1666666666666666,0.1666666666666666,0.1666666666666666,0.1666666666666666,0.1666666666666666,0.1666666666666666,44661
0,0,124.0,21.15077757835388,301,652,104,546,441,0.1666666666666666,0.1666666666666666,0.1666666666666666,0.1666666666666666,0.1666666666666666,0.1666666666666666,44804
0,0,124.0,21.21695160865784,5,628,1513,546,441,0.1666666666666666,0.1666666666666666,0.1666666666666666,0.1666666666666666,0.1666666666666666,0.1666666666666666,44950
0,0,124.0,21.282337188720703,657,652,104,830,441,0.1666666666666666,0.1666666666666666,0.1666666666666666,0.1666666666666666,0.1666666666666666,0.1666666666666666,45097
0,0,124.0,21.353339195251465,3,628,4,546,441,0.1666666666666666,0.1666666666666666,0.1666666666666666,0.1666666666666666,0.1666666666666666,0.1666666666666666,45244
0,0,124.0,21.43289566040039,611,768,586,549,441,0.1666666666666666,0.1666666666666666,0.1666666666666666,0.1666666666666666,0.1666666666666666,0.1666666666666666,45391
0,0,124.0,21.498822450637817,781,815,350,830,441,0.1666666666666666,0.1666666666666666,0.1666666666666666,0.1666666666666666,0.1666666666666666,0.1666666666666666,45537
0,0,124.0,21.56567668914795,611,768,586,1152,441,0.1666666666666666,0.1666666666666666,0.1666666666666666,0.1666666666666666,0.1666666666666666,0.1666666666666666,45685
0,0,124.0,21.627784252166748,376,792,560,532,441,0.1666666666666666,0.1666666666666666,0.1666666666666666,0.1666666666666666,0.1666666666666666,0.1666666666666666,45828
0,0,124.0,21.692458868026733,433,1166,683,574,441,0.1666666666666666,0.1666666666666666,0.1666666666666666,0.1666666666666666,0.1666666666666666,0.1666666666666666,45976
0,0,124.0,2.253716230392456,827,1640,490,959,441,0.1666666666666666,0.1666666666666666,0.1666666666666666,0.1666666666666666,0.1666666666666666,0.1666666666666666,4605
0,0,124.0,21.75935649871826,742,815,350,752,441,0.1666666666666666,0.1666666666666666,0.1666666666666666,0.1666666666666666,0.1666666666666666,0.1666666666666666,46125
0,0,124.0,21.91208553314209,438,1202,408,574,441,0.1666666666666666,0.1666666666666666,0.1666666666666666,0.1666666666666666,0.1666666666666666,0.1666666666666666,46270
0,0,124.0,21.98266220092773,768,501,354,1154,441,0.1666666666666666,0.1666666666666666,0.1666666666666666,0.1666666666666666,0.1666666666666666,0.1666666666666666,46420
0,0,124.0,22.047003030776978,768,501,354,889,441,0.1666666666666666,0.1666666666666666,0.1666666666666666,0.1666666666666666,0.1666666666666666,0.1666666666666666,46566
0,0,124.0,22.11659026145935,768,501,474,960,441,0.1666666666666666,0.1666666666666666,0.1666666666666666,0.1666666666666666,0.1666666666666666,0.1666666666666666,46713
0,0,124.0,22.181310415267944,768,501,250,960,441,0.1666666666666666,0.1666666666666666,0.1666666666666666,0.1666666666666666,0.1666666666666666,0.1666666666666666,46859
0,0,124.0,22.246282815933228,768,562,474,960,441,0.1666666666666666,0.1666666666666666,0.1666666666666666,0.1666666666666666,0.1666666666666666,0.1666666666666666,47000
0,0,124.0,22.3235342502594,768,501,256,960,441,0.1666666666666666,0.1666666666666666,0.1666666666666666,0.1666666666666666,0.1666666666666666,0.1666666666666666,47145
0,0,124.0,22.401397705078125,802,436,465,960,441,0.1666666666666666,0.1666666666666666,0.1666666666666666,0.1666666666666666,0.1666666666666666,0.1666666666666666,47291
0,0,124.0,22.466177701950077,543,832,414,960,441,0.1666666666666666,0.1666666666666666,0.1666666666666666,0.1666666666666666,0.1666666666666666,0.1666666666666666,47441
0,0,124.0,2.3202452659606934,827,1640,599,1045,441,0.1666666666666666,0.1666666666666666,0.1666666666666666,0.1666666666666666,0.1666666666666666,0.1666666666666666,4752
0,0,124.0,22.52969646453857,778,436,465,960,441,0.1666666666666666,0.1666666666666666,0.1666666666666666,0.1666666666666666,0.1666666666666666,0.1666666666666666,47585
0,0,124.0,22.596271276474,536,915,244,958,441,0.1666666666666666,0.1666666666666666,0.1666666666666666,0.1666666666666666,0.1666666666666666,0.1666666666666666,47733
0,0,124.0,22.680827856063843,814,603,369,935,441,0.1666666666666666,0.1666666666666666,0.1666666666666666,0.1666666666666666,0.1666666666666666,0.1666666666666666,47884
0,0,124.0,22.744361877441406,983,484,465,1011,441,0.1666666666666666,0.1666666666666666,0.1666666666666666,0.1666666666666666,0.1666666666666666,0.1666666666666666,48026
0,0,124.0,22.810856580734253,846,1247,58,376,441,0.1666666666666666,0.1666666666666666,0.1666666666666666,0.1666666666666666,0.1666666666666666,0.1666666666666666,48171
0,0,124.0,22.87830066680908,983,433,457,1657,441,0.1666666666666666,0.1666666666666666,0.1666666666666666,0.1666666666666666,0.1666666666666666,0.1666666666666666,48317
0,0,124.0,22.943437576293945,846,1247,58,376,441,0.1666666666666666,0.1666666666666666,0.1666666666666666,0.1666666666666666,0.1666666666666666,0.1666666666666666,48461
0,0,124.0,23.00839114189148,846,883,58,376,441,0.1666666666666666,0.1666666666666666,0.1666666666666666,0.1666666666666666,0.1666666666666666,0.1666666666666666,48608
0,0,124.0,23.07209324836731,618,862,58,192,441,0.1666666666666666,0.1666666666666666,0.1666666666666666,0.1666666666666666,0.1666666666666666,0.1666666666666666,48752
0,0,124.0,23.139550924301147,774,1173,59,1160,441,0.1666666666666666,0.1666666666666666,0.1666666666666666,0.1666666666666666,0.1666666666666666,0.1666666666666666,48899
0,0,124.0,2.38627028465271,436,1314,491,900,441,0.1666666666666666,0.1666666666666666,0.1666666666666666,0.1666666666666666,0.1666666666666666,0.1666666666666666,4900
0,0,124.0,23.202922105789185,618,528,58,192,441,0.1666666666666666,0.1666666666666666,0.1666666666666666,0.1666666666666666,0.1666666666666666,0.1666666666666666,49044
0,0,124.0,23.271354913711548,774,1173,59,1713,441,0.1666666666666666,0.1666666666666666,0.1666666666666666,0.1666666666666666,0.1666666666666666,0.1666666666666666,49187
0,0,124.0,23.33737802505493,764,1186,569,773,441,0.1666666666666666,0.1666666666666666,0.1666666666666666,0.1666666666666666,0.1666666666666666,0.1666666666666666,49333
0,0,124.0,23.400169610977173,737,820,506,765,441,0.1666666666666666,0.1666666666666666,0.1666666666666666,0.1666666666666666,0.1666666666666666,0.1666666666666666,49478
0,0,124.0,23.46535611152649,764,1186,487,773,441,0.1666666666666666,0.1666666666666666,0.1666666666666666,0.1666666666666666,0.1666666666666666,0.1666666666666666,49622
0,0,124.0,23.531842708587646,738,1255,538,726,441,0.1666666666666666,0.1666666666666666,0.1666666666666666,0.1666666666666666,0.1666666666666666,0.1666666666666666,49769
0,0,124.0,23.59600114822388,764,1195,487,773,441,0.1666666666666666,0.1666666666666666,0.1666666666666666,0.1666666666666666,0.1666666666666666,0.1666666666666666,49913
0,0,124.0,23.663655996322632,764,1195,487,773,441,0.1666666666666666,0.1666666666666666,0.1666666666666666,0.1666666666666666,0.1666666666666666,0.1666666666666666,50059
0,0,124.0,23.727478742599487,756,577,487,773,441,0.1666666666666666,0.1666666666666666,0.1666666666666666,0.1666666666666666,0.1666666666666666,0.1666666666666666,50203
0,0,124.0,23.805421113967896,764,145,487,773,441,0.1666666666666666,0.1666666666666666,0.1666666666666666,0.1666666666666666,0.1666666666666666,0.1666666666666666,50350
0,0,124.0,2.449560642242432,436,1314,491,900,441,0.1666666666666666,0.1666666666666666,0.1666666666666666,0.1666666666666666,0.1666666666666666,0.1666666666666666,5041
0,0,124.0,23.869096994400024,847,1290,520,701,441,0.1666666666666666,0.1666666666666666,0.1666666666666666,0.1666666666666666,0.1666666666666666,0.1666666666666666,50491
0,0,124.0,23.933505296707157,756,175,487,773,441,0.1666666666666666,0.1666666666666666,0.1666666666666666,0.1666666666666666,0.1666666666666666,0.1666666666666666,50636
0,0,124.0,24.004796743392944,756,175,487,761,441,0.1666666666666666,0.1666666666666666,0.1666666666666666,0.1666666666666666,0.1666666666666666,0.1666666666666666,50784
0,0,124.0,24.075660228729248,756,175,618,773,441,0.1666666666666666,0.1666666666666666,0.1666666666666666,0.1666666666666666,0.1666666666666666,0.1666666666666666,50926
0,0,124.0,24.14192795753479,823,1160,0,761,441,0.1666666666666666,0.1666666666666666,0.1666666666666666,0.1666666666666666,0.1666666666666666,0.1666666666666666,51071
0,0,124.0,24.222439765930176,756,175,618,773,441,0.1666666666666666,0.1666666666666666,0.1666666666666666,0.1666666666666666,0.1666666666666666,0.1666666666666666,51213
0,0,124.0,24.287602424621586,783,175,618,949,441,0.1666666666666666,0.1666666666666666,0.1666666666666666,0.1666666666666666,0.1666666666666666,0.1666666666666666,51361
0,0,124.0,24.35172390937805,784,175,618,1051,441,0.1666666666666666,0.1666666666666666,0.1666666666666666,0.1666666666666666,0.1666666666666666,0.1666666666666666,51508
0,0,124.0,24.41559076309204,775,139,618,1051,441,0.1666666666666666,0.1666666666666666,0.1666666666666666,0.1666666666666666,0.1666666666666666,0.1666666666666666,51654
0,0,124.0,24.490214109420776,775,139,618,538,441,0.1666666666666666,0.1666666666666666,0.1666666666666666,0.1666666666666666,0.1666666666666666,0.1666666666666666,51797
0,0,124.0,2.5129847526550293,436,1288,491,900,441,0.1666666666666666,0.1666666666666666,0.1666666666666666,0.1666666666666666,0.1666666666666666,0.1666666666666666,5180
0,0,124.0,24.5534508228302,775,139,618,1051,441,0.1666666666666666,0.1666666666666666,0.1666666666666666,0.1666666666666666,0.1666666666666666,0.1666666666666666,51940
0,0,124.0,24.618783950805664,775,18,618,538,441,0.1666666666666666,0.1666666666666666,0.1666666666666666,0.1666666666666666,0.1666666666666666,0.1666666666666666,52088
0,0,124.0,24.68563199043274,775,73,618,1051,441,0.1666666666666666,0.1666666666666666,0.1666666666666666,0.1666666666666666,0.1666666666666666,0.1666666666666666,52232
0,0,124.0,24.754886627197266,775,18,618,538,441,0.1666666666666666,0.1666666666666666,0.1666666666666666,0.1666666666666666,0.1666666666666666,0.1666666666666666,52379
0,0,124.0,24.82061791419983,828,294,618,538,441,0.1666666666666666,0.1666666666666666,0.1666666666666666,0.1666666666666666,0.1666666666666666,0.1666666666666666,52526
0,0,124.0,24.885624408721924,1245,18,618,955,441,0.1666666666666666,0.1666666666666666,0.1666666666666666,0.1666666666666666,0.1666666666666666,0.1666666666666666,52673
0,0,124.0,24.95336604118347,933,662,562,802,441,0.1666666666666666,0.1666666666666666,0.1666666666666666,0.1666666666666666,0.1666666666666666,0.1666666666666666,52818
0,0,124.0,25.01939034461975,1245,18,618,1107,441,0.1666666666666666,0.1666666666666666,0.1666666666666666,0.1666666666666666,0.1666666666666666,0.1666666666666666,52965
0,0,124.0,25.086742401123047,903,637,562,826,441,0.1666666666666666,0.1666666666666666,0.1666666666666666,0.1666666666666666,0.1666666666666666,0.1666666666666666,53114
0,0,124.0,25.153630256652832,1054,18,569,1004,441,0.1666666666666666,0.1666666666666666,0.1666666666666666,0.1666666666666666,0.1666666666666666,0.1666666666666666,53262
0,0,124.0,2.5782415866851807,436,1314,491,1222,441,0.1666666666666666,0.1666666666666666,0.1666666666666666,0.1666666666666666,0.1666666666666666,0.1666666666666666,5328
0,0,124.0,25.21905899047852,1061,18,569,1004,441,0.1666666666666666,0.1666666666666666,0.1666666666666666,0.1666666666666666,0.1666666666666666,0.1666666666666666,53406
0,0,124.0,0.3044583797454834,22,443,1248,1356,441,0.1666666666666666,0.1666666666666666,0.1666666666666666,0.1666666666666666,0.1666666666666666,0.1666666666666666,535
0,0,124.0,25.28663468360901,903,700,694,639,441,0.1666666666666666,0.1666666666666666,0.1666666666666666,0.1666666666666666,0.1666666666666666,0.1666666666666666,53553
0,0,124.0,25.350483417510983,1061,1542,577,918,441,0.1666666666666666,0.1666666666666666,0.1666666666666666,0.1666666666666666,0.1666666666666666,0.1666666666666666,53693
0,0,124.0,25.41453218460083,677,637,1519,1633,441,0.1666666666666666,0.1666666666666666,0.1666666666666666,0.1666666666666666,0.1666666666666666,0.1666666666666666,53836
0,0,124.0,25.48067951202393,1118,500,1519,1603,441,0.1666666666666666,0.1666666666666666,0.1666666666666666,0.1666666666666666,0.1666666666666666,0.1666666666666666,53981
0,0,124.0,25.54432892799377,1181,500,1519,1550,441,0.1666666666666666,0.1666666666666666,0.1666666666666666,0.1666666666666666,0.1666666666666666,0.1666666666666666,54129
0,0,124.0,25.609824180603027,1478,1232,746,857,441,0.1666666666666666,0.1666666666666666,0.1666666666666666,0.1666666666666666,0.1666666666666666,0.1666666666666666,54274
0,0,124.0,25.68212103843689,937,455,1463,1509,441,0.1666666666666666,0.1666666666666666,0.1666666666666666,0.1666666666666666,0.1666666666666666,0.1666666666666666,54417
0,0,124.0,25.76157855987549,924,576,1463,1509,441,0.1666666666666666,0.1666666666666666,0.1666666666666666,0.1666666666666666,0.1666666666666666,0.1666666666666666,54565
0,0,124.0,25.91261053085327,769,331,576,1305,441,0.1666666666666666,0.1666666666666666,0.1666666666666666,0.1666666666666666,0.1666666666666666,0.1666666666666666,54710
0,0,124.0,2.643288373947144,436,840,491,900,441,0.1666666666666666,0.1666666666666666,0.1666666666666666,0.1666666666666666,0.1666666666666666,0.1666666666666666,5475
0,0,124.0,25.980280876159668,939,576,1639,875,441,0.1666666666666666,0.1666666666666666,0.1666666666666666,0.1666666666666666,0.1666666666666666,0.1666666666666666,54858
0,0,124.0,26.046744108200077,719,455,1248,681,441,0.1666666666666666,0.1666666666666666,0.1666666666666666,0.1666666666666666,0.1666666666666666,0.1666666666666666,55006
0,0,124.0,26.13178253173828,719,455,1248,681,441,0.1666666666666666,0.1666666666666666,0.1666666666666666,0.1666666666666666,0.1666666666666666,0.1666666666666666,55152
0,0,124.0,26.198405742645264,953,734,775,744,441,0.1666666666666666,0.1666666666666666,0.1666666666666666,0.1666666666666666,0.1666666666666666,0.1666666666666666,55301
0,0,124.0,26.264695405960083,949,665,1034,1141,441,0.1666666666666666,0.1666666666666666,0.1666666666666666,0.1666666666666666,0.1666666666666666,0.1666666666666666,55446
0,0,124.0,26.345954418182373,719,455,1193,1650,441,0.1666666666666666,0.1666666666666666,0.1666666666666666,0.1666666666666666,0.1666666666666666,0.1666666666666666,55589
0,0,124.0,26.432364463806152,405,665,1075,1141,441,0.1666666666666666,0.1666666666666666,0.1666666666666666,0.1666666666666666,0.1666666666666666,0.1666666666666666,55730
0,0,124.0,26.50001692771912,456,475,1084,1511,441,0.1666666666666666,0.1666666666666666,0.1666666666666666,0.1666666666666666,0.1666666666666666,0.1666666666666666,55875
0,0,124.0,26.56479287147522,405,665,1158,1141,441,0.1666666666666666,0.1666666666666666,0.1666666666666666,0.1666666666666666,0.1666666666666666,0.1666666666666666,56022
0,0,124.0,26.62882924079895,402,475,1084,1511,441,0.1666666666666666,0.1666666666666666,0.1666666666666666,0.1666666666666666,0.1666666666666666,0.1666666666666666,56167
0,0,124.0,2.703085899353028,684,1314,491,1222,441,0.1666666666666666,0.1666666666666666,0.1666666666666666,0.1666666666666666,0.1666666666666666,0.1666666666666666,5618
0,0,124.0,26.70055747032165,866,475,1084,1511,441,0.1666666666666666,0.1666666666666666,0.1666666666666666,0.1666666666666666,0.1666666666666666,0.1666666666666666,56312
0,0,124.0,26.762389421463013,402,749,1084,1511,441,0.1666666666666666,0.1666666666666666,0.1666666666666666,0.1666666666666666,0.1666666666666666,0.1666666666666666,56452
0,0,124.0,26.83001971244812,866,641,1084,1511,441,0.1666666666666666,0.1666666666666666,0.1666666666666666,0.1666666666666666,0.1666666666666666,0.1666666666666666,56598
0,0,124.0,26.8969841003418,405,665,1383,135,441,0.1666666666666666,0.1666666666666666,0.1666666666666666,0.1666666666666666,0.1666666666666666,0.1666666666666666,56738
0,0,124.0,26.96094965934753,405,665,1383,135,441,0.1666666666666666,0.1666666666666666,0.1666666666666666,0.1666666666666666,0.1666666666666666,0.1666666666666666,56883
0,0,124.0,27.029467344284058,704,18,659,1044,441,0.1666666666666666,0.1666666666666666,0.1666666666666666,0.1666666666666666,0.1666666666666666,0.1666666666666666,57029
0,0,124.0,27.09609961509705,763,587,739,933,441,0.1666666666666666,0.1666666666666666,0.1666666666666666,0.1666666666666666,0.1666666666666666,0.1666666666666666,57177
0,0,124.0,27.16850161552429,823,81,351,1207,441,0.1666666666666666,0.1666666666666666,0.1666666666666666,0.1666666666666666,0.1666666666666666,0.1666666666666666,57322
0,0,124.0,27.235996961593628,823,81,351,1207,441,0.1666666666666666,0.1666666666666666,0.1666666666666666,0.1666666666666666,0.1666666666666666,0.1666666666666666,57471
0,0,124.0,2.7712666988372803,436,840,491,900,441,0.1666666666666666,0.1666666666666666,0.1666666666666666,0.1666666666666666,0.1666666666666666,0.1666666666666666,5762
0,0,124.0,27.302445888519287,678,3,659,1028,441,0.1666666666666666,0.1666666666666666,0.1666666666666666,0.1666666666666666,0.1666666666666666,0.1666666666666666,57620
0,0,124.0,27.36662340164185,823,508,413,1291,441,0.1666666666666666,0.1666666666666666,0.1666666666666666,0.1666666666666666,0.1666666666666666,0.1666666666666666,57761
0,0,124.0,27.432208776474,1188,81,1064,1207,441,0.1666666666666666,0.1666666666666666,0.1666666666666666,0.1666666666666666,0.1666666666666666,0.1666666666666666,57907
0,0,124.0,27.498286247253414,58,278,307,943,441,0.1666666666666666,0.1666666666666666,0.1666666666666666,0.1666666666666666,0.1666666666666666,0.1666666666666666,58052
0,0,124.0,27.56380653381348,1190,129,240,1237,441,0.1666666666666666,0.1666666666666666,0.1666666666666666,0.1666666666666666,0.1666666666666666,0.1666666666666666,58198
0,0,124.0,27.62913489341736,1190,129,2,339,441,0.1666666666666666,0.1666666666666666,0.1666666666666666,0.1666666666666666,0.1666666666666666,0.1666666666666666,58345
0,0,124.0,27.69536781311035,583,472,1049,1251,441,0.1666666666666666,0.1666666666666666,0.1666666666666666,0.1666666666666666,0.1666666666666666,0.1666666666666666,58494
0,0,124.0,27.758461713790894,1248,1120,2,499,441,0.1666666666666666,0.1666666666666666,0.1666666666666666,0.1666666666666666,0.1666666666666666,0.1666666666666666,58639
0,0,124.0,27.826208114624023,1634,850,240,1159,441,0.1666666666666666,0.1666666666666666,0.1666666666666666,0.1666666666666666,0.1666666666666666,0.1666666666666666,58781
0,0,124.0,27.892072677612305,58,433,666,945,441,0.1666666666666666,0.1666666666666666,0.1666666666666666,0.1666666666666666,0.1666666666666666,0.1666666666666666,58925
0,0,124.0,2.834796190261841,684,1314,491,1222,441,0.1666666666666666,0.1666666666666666,0.1666666666666666,0.1666666666666666,0.1666666666666666,0.1666666666666666,5907
0,0,124.0,27.956759691238403,1634,850,852,1159,441,0.1666666666666666,0.1666666666666666,0.1666666666666666,0.1666666666666666,0.1666666666666666,0.1666666666666666,59070
0,0,124.0,28.021748781204224,51,426,719,944,441,0.1666666666666666,0.1666666666666666,0.1666666666666666,0.1666666666666666,0.1666666666666666,0.1666666666666666,59215
0,0,124.0,28.0881187915802,1634,868,542,856,441,0.1666666666666666,0.1666666666666666,0.1666666666666666,0.1666666666666666,0.1666666666666666,0.1666666666666666,59359
0,0,124.0,28.162601232528687,1634,803,852,1088,441,0.1666666666666666,0.1666666666666666,0.1666666666666666,0.1666666666666666,0.1666666666666666,0.1666666666666666,59509
0,0,124.0,28.224903106689453,1634,803,569,1088,441,0.1666666666666666,0.1666666666666666,0.1666666666666666,0.1666666666666666,0.1666666666666666,0.1666666666666666,59653
0,0,124.0,28.29002904891968,1425,1209,1037,1159,441,0.1666666666666666,0.1666666666666666,0.1666666666666666,0.1666666666666666,0.1666666666666666,0.1666666666666666,59800
0,0,124.0,28.35190725326538,8,357,431,1251,441,0.1666666666666666,0.1666666666666666,0.1666666666666666,0.1666666666666666,0.1666666666666666,0.1666666666666666,59944
0,0,124.0,28.414965391159058,1591,493,569,1074,441,0.1666666666666666,0.1666666666666666,0.1666666666666666,0.1666666666666666,0.1666666666666666,0.1666666666666666,60086
0,0,124.0,28.4861114025116,1618,803,1387,1074,441,0.1666666666666666,0.1666666666666666,0.1666666666666666,0.1666666666666666,0.1666666666666666,0.1666666666666666,60232
0,0,124.0,28.549232721328732,1591,803,1434,242,441,0.1666666666666666,0.1666666666666666,0.1666666666666666,0.1666666666666666,0.1666666666666666,0.1666666666666666,60374
0,0,124.0,2.898383855819702,149,606,589,1374,441,0.1666666666666666,0.1666666666666666,0.1666666666666666,0.1666666666666666,0.1666666666666666,0.1666666666666666,6050
0,0,124.0,28.617176055908203,94,493,569,1074,441,0.1666666666666666,0.1666666666666666,0.1666666666666666,0.1666666666666666,0.1666666666666666,0.1666666666666666,60520
0,0,124.0,28.680883646011356,8,1177,1712,1380,441,0.1666666666666666,0.1666666666666666,0.1666666666666666,0.1666666666666666,0.1666666666666666,0.1666666666666666,60662
0,0,124.0,28.74532103538513,94,493,569,1074,441,0.1666666666666666,0.1666666666666666,0.1666666666666666,0.1666666666666666,0.1666666666666666,0.1666666666666666,60807
0,0,124.0,28.811521530151367,130,376,1190,975,441,0.1666666666666666,0.1666666666666666,0.1666666666666666,0.1666666666666666,0.1666666666666666,0.1666666666666666,60950
0,0,124.0,28.88139772415161,214,886,252,1074,441,0.1666666666666666,0.1666666666666666,0.1666666666666666,0.1666666666666666,0.1666666666666666,0.1666666666666666,61097
0,0,124.0,28.947962999343872,1108,256,825,952,441,0.1666666666666666,0.1666666666666666,0.1666666666666666,0.1666666666666666,0.1666666666666666,0.1666666666666666,61241
0,0,124.0,29.022865533828732,1187,255,1205,977,441,0.1666666666666666,0.1666666666666666,0.1666666666666666,0.1666666666666666,0.1666666666666666,0.1666666666666666,61388
0,0,124.0,29.087241172790527,895,606,1190,920,441,0.1666666666666666,0.1666666666666666,0.1666666666666666,0.1666666666666666,0.1666666666666666,0.1666666666666666,61534
0,0,124.0,29.15080404281616,44,750,1266,702,441,0.1666666666666666,0.1666666666666666,0.1666666666666666,0.1666666666666666,0.1666666666666666,0.1666666666666666,61679
0,0,124.0,29.215102434158325,742,364,868,1601,441,0.1666666666666666,0.1666666666666666,0.1666666666666666,0.1666666666666666,0.1666666666666666,0.1666666666666666,61824
0,0,124.0,2.9764504432678223,873,1637,414,1196,441,0.1666666666666666,0.1666666666666666,0.1666666666666666,0.1666666666666666,0.1666666666666666,0.1666666666666666,6195
0,0,124.0,29.30095672607422,44,522,1168,702,441,0.1666666666666666,0.1666666666666666,0.1666666666666666,0.1666666666666666,0.1666666666666666,0.1666666666666666,61969
0,0,124.0,29.36870694160461,549,708,876,1193,441,0.1666666666666666,0.1666666666666666,0.1666666666666666,0.1666666666666666,0.1666666666666666,0.1666666666666666,62114
0,0,124.0,29.52437210083008,549,672,876,1060,441,0.1666666666666666,0.1666666666666666,0.1666666666666666,0.1666666666666666,0.1666666666666666,0.1666666666666666,62260
0,0,124.0,29.589349269866943,549,747,876,1193,441,0.1666666666666666,0.1666666666666666,0.1666666666666666,0.1666666666666666,0.1666666666666666,0.1666666666666666,62404
0,0,124.0,29.65461754798889,526,672,742,872,441,0.1666666666666666,0.1666666666666666,0.1666666666666666,0.1666666666666666,0.1666666666666666,0.1666666666666666,62551
0,0,124.0,29.71789789199829,526,66,1498,872,441,0.1666666666666666,0.1666666666666666,0.1666666666666666,0.1666666666666666,0.1666666666666666,0.1666666666666666,62698
0,0,124.0,29.78303623199463,526,672,742,872,441,0.1666666666666666,0.1666666666666666,0.1666666666666666,0.1666666666666666,0.1666666666666666,0.1666666666666666,62842
0,0,124.0,29.868086338043213,526,1160,744,544,441,0.1666666666666666,0.1666666666666666,0.1666666666666666,0.1666666666666666,0.1666666666666666,0.1666666666666666,62989
0,0,124.0,29.942012786865234,1417,672,270,798,441,0.1666666666666666,0.1666666666666666,0.1666666666666666,0.1666666666666666,0.1666666666666666,0.1666666666666666,63132
0,0,124.0,30.018832445144653,1609,856,1075,953,441,0.1666666666666666,0.1666666666666666,0.1666666666666666,0.1666666666666666,0.1666666666666666,0.1666666666666666,63279
0,0,124.0,30.105329990386963,1609,1034,1075,1048,441,0.1666666666666666,0.1666666666666666,0.1666666666666666,0.1666666666666666,0.1666666666666666,0.1666666666666666,63424
0,0,124.0,3.0415573120117188,944,1421,632,1356,441,0.1666666666666666,0.1666666666666666,0.1666666666666666,0.1666666666666666,0.1666666666666666,0.1666666666666666,6344
0,0,124.0,30.16999363899231,1597,880,1135,964,441,0.1666666666666666,0.1666666666666666,0.1666666666666666,0.1666666666666666,0.1666666666666666,0.1666666666666666,63572
0,0,124.0,30.249844312667847,1609,854,996,953,441,0.1666666666666666,0.1666666666666666,0.1666666666666666,0.1666666666666666,0.1666666666666666,0.1666666666666666,63719
0,0,124.0,30.317649126052856,532,854,1458,953,441,0.1666666666666666,0.1666666666666666,0.1666666666666666,0.1666666666666666,0.1666666666666666,0.1666666666666666,63861
0,0,124.0,30.383585929870605,864,852,1101,821,441,0.1666666666666666,0.1666666666666666,0.1666666666666666,0.1666666666666666,0.1666666666666666,0.1666666666666666,64010
0,0,124.0,30.44954824447632,253,854,1713,1012,441,0.1666666666666666,0.1666666666666666,0.1666666666666666,0.1666666666666666,0.1666666666666666,0.1666666666666666,64152
0,0,124.0,30.51577734947205,253,854,1713,754,441,0.1666666666666666,0.1666666666666666,0.1666666666666666,0.1666666666666666,0.1666666666666666,0.1666666666666666,64299
0,0,124.0,30.581334829330444,253,854,1055,907,441,0.1666666666666666,0.1666666666666666,0.1666666666666666,0.1666666666666666,0.1666666666666666,0.1666666666666666,64446
0,0,124.0,30.64661979675293,253,854,1406,754,441,0.1666666666666666,0.1666666666666666,0.1666666666666666,0.1666666666666666,0.1666666666666666,0.1666666666666666,64591
0,0,124.0,30.711796045303345,161,854,1055,907,441,0.1666666666666666,0.1666666666666666,0.1666666666666666,0.1666666666666666,0.1666666666666666,0.1666666666666666,64737
0,0,124.0,30.77627658843994,161,854,1055,907,441,0.1666666666666666,0.1666666666666666,0.1666666666666666,0.1666666666666666,0.1666666666666666,0.1666666666666666,64884
0,0,124.0,3.10750150680542,974,1035,429,1049,441,0.1666666666666666,0.1666666666666666,0.1666666666666666,0.1666666666666666,0.1666666666666666,0.1666666666666666,6492
0,0,124.0,30.84097671508789,845,973,1204,958,441,0.1666666666666666,0.1666666666666666,0.1666666666666666,0.1666666666666666,0.1666666666666666,0.1666666666666666,65032
0,0,124.0,30.90839958190918,1563,854,1072,0,441,0.1666666666666666,0.1666666666666666,0.1666666666666666,0.1666666666666666,0.1666666666666666,0.1666666666666666,65171
0,0,124.0,30.97338843345642,210,854,1055,1080,441,0.1666666666666666,0.1666666666666666,0.1666666666666666,0.1666666666666666,0.1666666666666666,0.1666666666666666,65319
0,0,124.0,31.039207220077515,210,854,135,1080,441,0.1666666666666666,0.1666666666666666,0.1666666666666666,0.1666666666666666,0.1666666666666666,0.1666666666666666,65464
0,0,124.0,31.10244369506836,422,909,1651,764,441,0.1666666666666666,0.1666666666666666,0.1666666666666666,0.1666666666666666,0.1666666666666666,0.1666666666666666,65609
0,0,124.0,31.17678713798523,165,325,1351,1683,441,0.1666666666666666,0.1666666666666666,0.1666666666666666,0.1666666666666666,0.1666666666666666,0.1666666666666666,65753
0,0,124.0,31.241094827651978,165,45,1072,827,441,0.1666666666666666,0.1666666666666666,0.1666666666666666,0.1666666666666666,0.1666666666666666,0.1666666666666666,65900
0,0,124.0,31.305254220962524,165,325,1236,1683,441,0.1666666666666666,0.1666666666666666,0.1666666666666666,0.1666666666666666,0.1666666666666666,0.1666666666666666,66048
0,0,124.0,31.37063479423523,527,445,1237,275,441,0.1666666666666666,0.1666666666666666,0.1666666666666666,0.1666666666666666,0.1666666666666666,0.1666666666666666,66189
0,0,124.0,31.43549847602844,165,325,1291,1469,441,0.1666666666666666,0.1666666666666666,0.1666666666666666,0.1666666666666666,0.1666666666666666,0.1666666666666666,66336
0,0,124.0,3.1719086170196533,92,597,385,1074,441,0.1666666666666666,0.1666666666666666,0.1666666666666666,0.1666666666666666,0.1666666666666666,0.1666666666666666,6637
0,0,124.0,31.498900651931763,165,325,1092,1512,441,0.1666666666666666,0.1666666666666666,0.1666666666666666,0.1666666666666666,0.1666666666666666,0.1666666666666666,66478
0,0,124.0,31.56389880180359,601,325,679,1512,441,0.1666666666666666,0.1666666666666666,0.1666666666666666,0.1666666666666666,0.1666666666666666,0.1666666666666666,66625
0,0,124.0,31.629070520401,165,348,1291,1641,441,0.1666666666666666,0.1666666666666666,0.1666666666666666,0.1666666666666666,0.1666666666666666,0.1666666666666666,66770
0,0,124.0,31.70703434944153,165,355,1291,1641,441,0.1666666666666666,0.1666666666666666,0.1666666666666666,0.1666666666666666,0.1666666666666666,0.1666666666666666,66916
0,0,124.0,31.773449420928955,165,615,1086,1317,441,0.1666666666666666,0.1666666666666666,0.1666666666666666,0.1666666666666666,0.1666666666666666,0.1666666666666666,67063
0,0,124.0,31.83893918991089,165,615,1086,1317,441,0.1666666666666666,0.1666666666666666,0.1666666666666666,0.1666666666666666,0.1666666666666666,0.1666666666666666,67208
0,0,124.0,31.90190386772156,165,615,1086,1317,441,0.1666666666666666,0.1666666666666666,0.1666666666666666,0.1666666666666666,0.1666666666666666,0.1666666666666666,67354
0,0,124.0,31.96786093711853,165,615,1086,1317,441,0.1666666666666666,0.1666666666666666,0.1666666666666666,0.1666666666666666,0.1666666666666666,0.1666666666666666,67498
0,0,124.0,32.0303692817688,165,1006,1084,1317,441,0.1666666666666666,0.1666666666666666,0.1666666666666666,0.1666666666666666,0.1666666666666666,0.1666666666666666,67641
0,0,124.0,32.09490132331848,165,615,352,1317,441,0.1666666666666666,0.1666666666666666,0.1666666666666666,0.1666666666666666,0.1666666666666666,0.1666666666666666,67788
0,0,124.0,3.237236261367798,948,1035,429,1049,441,0.1666666666666666,0.1666666666666666,0.1666666666666666,0.1666666666666666,0.1666666666666666,0.1666666666666666,6784
0,0,124.0,0.3740737438201904,22,443,1053,1356,441,0.1666666666666666,0.1666666666666666,0.1666666666666666,0.1666666666666666,0.1666666666666666,0.1666666666666666,679
0,0,124.0,32.16008925437927,153,870,1084,1575,441,0.1666666666666666,0.1666666666666666,0.1666666666666666,0.1666666666666666,0.1666666666666666,0.1666666666666666,67936
0,0,124.0,32.22188377380371,165,615,723,1317,441,0.1666666666666666,0.1666666666666666,0.1666666666666666,0.1666666666666666,0.1666666666666666,0.1666666666666666,68078
0,0,124.0,32.284300565719604,1188,783,1338,1575,441,0.1666666666666666,0.1666666666666666,0.1666666666666666,0.1666666666666666,0.1666666666666666,0.1666666666666666,68221
0,0,124.0,32.34890961647034,165,246,736,1317,441,0.1666666666666666,0.1666666666666666,0.1666666666666666,0.1666666666666666,0.1666666666666666,0.1666666666666666,68363
0,0,124.0,32.41154193878174,165,246,736,1317,441,0.1666666666666666,0.1666666666666666,0.1666666666666666,0.1666666666666666,0.1666666666666666,0.1666666666666666,68509
0,0,124.0,32.475910902023315,165,246,736,1317,441,0.1666666666666666,0.1666666666666666,0.1666666666666666,0.1666666666666666,0.1666666666666666,0.1666666666666666,68653
0,0,124.0,32.54395246505737,165,158,736,1459,441,0.1666666666666666,0.1666666666666666,0.1666666666666666,0.1666666666666666,0.1666666666666666,0.1666666666666666,68801
0,0,124.0,32.608609437942505,165,246,736,1317,441,0.1666666666666666,0.1666666666666666,0.1666666666666666,0.1666666666666666,0.1666666666666666,0.1666666666666666,68944
0,0,124.0,32.67231631278992,165,158,736,1459,441,0.1666666666666666,0.1666666666666666,0.1666666666666666,0.1666666666666666,0.1666666666666666,0.1666666666666666,69091
0,0,124.0,32.73719930648804,239,158,736,1459,441,0.1666666666666666,0.1666666666666666,0.1666666666666666,0.1666666666666666,0.1666666666666666,0.1666666666666666,69236
0,0,124.0,3.301891803741455,88,605,385,1074,441,0.1666666666666666,0.1666666666666666,0.1666666666666666,0.1666666666666666,0.1666666666666666,0.1666666666666666,6931
0,0,124.0,32.80199837684631,79,147,736,730,441,0.1666666666666666,0.1666666666666666,0.1666666666666666,0.1666666666666666,0.1666666666666666,0.1666666666666666,69384
0,0,124.0,32.873281955718994,165,179,762,1459,441,0.1666666666666666,0.1666666666666666,0.1666666666666666,0.1666666666666666,0.1666666666666666,0.1666666666666666,69524
0,0,124.0,32.95655941963196,824,252,492,1598,441,0.1666666666666666,0.1666666666666666,0.1666666666666666,0.1666666666666666,0.1666666666666666,0.1666666666666666,69670
0,0,124.0,33.03504467010498,217,112,762,1459,441,0.1666666666666666,0.1666666666666666,0.1666666666666666,0.1666666666666666,0.1666666666666666,0.1666666666666666,69818
0,0,124.0,33.10108661651611,161,180,273,1502,441,0.1666666666666666,0.1666666666666666,0.1666666666666666,0.1666666666666666,0.1666666666666666,0.1666666666666666,69964
0,0,124.0,33.16502523422241,217,112,791,1169,441,0.1666666666666666,0.1666666666666666,0.1666666666666666,0.1666666666666666,0.1666666666666666,0.1666666666666666,70106
0,0,124.0,33.243321657180786,161,152,1334,1713,441,0.1666666666666666,0.1666666666666666,0.1666666666666666,0.1666666666666666,0.1666666666666666,0.1666666666666666,70252
0,0,124.0,33.329996824264526,161,152,1334,1713,441,0.1666666666666666,0.1666666666666666,0.1666666666666666,0.1666666666666666,0.1666666666666666,0.1666666666666666,70400
0,0,124.0,33.40619492530823,833,389,1334,1713,441,0.1666666666666666,0.1666666666666666,0.1666666666666666,0.1666666666666666,0.1666666666666666,0.1666666666666666,70542
0,0,124.0,33.47460436820984,161,152,1334,1713,441,0.1666666666666666,0.1666666666666666,0.1666666666666666,0.1666666666666666,0.1666666666666666,0.1666666666666666,70693
0,0,124.0,3.366118192672729,948,1035,429,1049,441,0.1666666666666666,0.1666666666666666,0.1666666666666666,0.1666666666666666,0.1666666666666666,0.1666666666666666,7076
0,0,124.0,33.55171346664429,161,152,1339,1713,441,0.1666666666666666,0.1666666666666666,0.1666666666666666,0.1666666666666666,0.1666666666666666,0.1666666666666666,70841
0,0,124.0,33.61702227592468,1677,152,915,1713,441,0.1666666666666666,0.1666666666666666,0.1666666666666666,0.1666666666666666,0.1666666666666666,0.1666666666666666,70988
0,0,124.0,33.770771503448486,225,642,1334,1119,441,0.1666666666666666,0.1666666666666666,0.1666666666666666,0.1666666666666666,0.1666666666666666,0.1666666666666666,71132
0,0,124.0,33.83603858947754,225,642,1334,1119,441,0.1666666666666666,0.1666666666666666,0.1666666666666666,0.1666666666666666,0.1666666666666666,0.1666666666666666,71277
0,0,124.0,33.90376019477844,161,1032,1004,1713,441,0.1666666666666666,0.1666666666666666,0.1666666666666666,0.1666666666666666,0.1666666666666666,0.1666666666666666,71424
0,0,124.0,33.96886777877808,108,152,1004,1713,441,0.1666666666666666,0.1666666666666666,0.1666666666666666,0.1666666666666666,0.1666666666666666,0.1666666666666666,71570
0,0,124.0,34.031760454177856,108,152,1093,1713,441,0.1666666666666666,0.1666666666666666,0.1666666666666666,0.1666666666666666,0.1666666666666666,0.1666666666666666,71710
0,0,124.0,34.09808111190796,782,64,1576,1534,441,0.1666666666666666,0.1666666666666666,0.1666666666666666,0.1666666666666666,0.1666666666666666,0.1666666666666666,71853
0,0,124.0,34.16490697860718,703,152,1004,1713,441,0.1666666666666666,0.1666666666666666,0.1666666666666666,0.1666666666666666,0.1666666666666666,0.1666666666666666,71997
0,0,124.0,34.23210072517395,757,74,1541,1338,441,0.1666666666666666,0.1666666666666666,0.1666666666666666,0.1666666666666666,0.1666666666666666,0.1666666666666666,72138
0,0,124.0,3.429833173751831,1532,710,382,309,441,0.1666666666666666,0.1666666666666666,0.1666666666666666,0.1666666666666666,0.1666666666666666,0.1666666666666666,7215
0,0,124.0,34.29755616188049,58,152,922,1713,441,0.1666666666666666,0.1666666666666666,0.1666666666666666,0.1666666666666666,0.1666666666666666,0.1666666666666666,72286
0,0,124.0,34.363351821899414,703,775,1004,210,441,0.1666666666666666,0.1666666666666666,0.1666666666666666,0.1666666666666666,0.1666666666666666,0.1666666666666666,72434
0,0,124.0,34.430131673812866,757,29,1494,635,441,0.1666666666666666,0.1666666666666666,0.1666666666666666,0.1666666666666666,0.1666666666666666,0.1666666666666666,72581
0,0,124.0,34.49389624595642,362,293,1005,210,441,0.1666666666666666,0.1666666666666666,0.1666666666666666,0.1666666666666666,0.1666666666666666,0.1666666666666666,72725
0,0,124.0,34.56120300292969,362,293,1005,210,441,0.1666666666666666,0.1666666666666666,0.1666666666666666,0.1666666666666666,0.1666666666666666,0.1666666666666666,72871
0,0,124.0,34.63521599769592,348,143,1065,210,441,0.1666666666666666,0.1666666666666666,0.1666666666666666,0.1666666666666666,0.1666666666666666,0.1666666666666666,73018
0,0,124.0,34.69973301887512,362,276,998,253,441,0.1666666666666666,0.1666666666666666,0.1666666666666666,0.1666666666666666,0.1666666666666666,0.1666666666666666,73161
0,0,124.0,34.763999462127686,348,144,1065,210,441,0.1666666666666666,0.1666666666666666,0.1666666666666666,0.1666666666666666,0.1666666666666666,0.1666666666666666,73310
0,0,124.0,34.828977823257446,362,276,998,360,441,0.1666666666666666,0.1666666666666666,0.1666666666666666,0.1666666666666666,0.1666666666666666,0.1666666666666666,73458
0,0,124.0,3.493523120880127,1057,1284,1335,1424,441,0.1666666666666666,0.1666666666666666,0.1666666666666666,0.1666666666666666,0.1666666666666666,0.1666666666666666,7359
0,0,124.0,34.89381694793701,348,780,1016,99,441,0.1666666666666666,0.1666666666666666,0.1666666666666666,0.1666666666666666,0.1666666666666666,0.1666666666666666,73603
0,0,124.0,34.957088470458984,362,907,998,253,441,0.1666666666666666,0.1666666666666666,0.1666666666666666,0.1666666666666666,0.1666666666666666,0.1666666666666666,73748
0,0,124.0,35.03416633605957,216,0,905,662,441,0.1666666666666666,0.1666666666666666,0.1666666666666666,0.1666666666666666,0.1666666666666666,0.1666666666666666,73890
0,0,124.0,35.09894013404846,362,323,998,1629,441,0.1666666666666666,0.1666666666666666,0.1666666666666666,0.1666666666666666,0.1666666666666666,0.1666666666666666,74033
0,0,124.0,35.16666269302368,919,323,998,1629,441,0.1666666666666666,0.1666666666666666,0.1666666666666666,0.1666666666666666,0.1666666666666666,0.1666666666666666,74182
0,0,124.0,35.23502779006958,919,322,1000,343,441,0.1666666666666666,0.1666666666666666,0.1666666666666666,0.1666666666666666,0.1666666666666666,0.1666666666666666,74332
0,0,124.0,35.30402684211731,919,322,1000,1359,441,0.1666666666666666,0.1666666666666666,0.1666666666666666,0.1666666666666666,0.1666666666666666,0.1666666666666666,74477
0,0,124.0,35.36955046653748,1,34,998,1253,441,0.1666666666666666,0.1666666666666666,0.1666666666666666,0.1666666666666666,0.1666666666666666,0.1666666666666666,74620
0,0,124.0,35.4488890171051,919,322,678,343,441,0.1666666666666666,0.1666666666666666,0.1666666666666666,0.1666666666666666,0.1666666666666666,0.1666666666666666,74765
0,0,124.0,35.510103940963745,701,368,627,1672,441,0.1666666666666666,0.1666666666666666,0.1666666666666666,0.1666666666666666,0.1666666666666666,0.1666666666666666,74900
0,0,124.0,3.559333324432373,430,892,200,887,441,0.1666666666666666,0.1666666666666666,0.1666666666666666,0.1666666666666666,0.1666666666666666,0.1666666666666666,7499
0,0,124.0,35.57365298271179,528,607,1120,529,441,0.1666666666666666,0.1666666666666666,0.1666666666666666,0.1666666666666666,0.1666666666666666,0.1666666666666666,75044
0,0,124.0,35.63958978652954,584,634,998,1108,441,0.1666666666666666,0.1666666666666666,0.1666666666666666,0.1666666666666666,0.1666666666666666,0.1666666666666666,75188
0,0,124.0,35.70357871055603,489,102,1220,475,441,0.1666666666666666,0.1666666666666666,0.1666666666666666,0.1666666666666666,0.1666666666666666,0.1666666666666666,75334
0,0,124.0,35.76658606529236,28,1140,1544,499,441,0.1666666666666666,0.1666666666666666,0.1666666666666666,0.1666666666666666,0.1666666666666666,0.1666666666666666,75480
0,0,124.0,35.835771322250366,17,401,396,1100,441,0.1666666666666666,0.1666666666666666,0.1666666666666666,0.1666666666666666,0.1666666666666666,0.1666666666666666,75628
0,0,124.0,35.90072846412659,489,102,1440,475,441,0.1666666666666666,0.1666666666666666,0.1666666666666666,0.1666666666666666,0.1666666666666666,0.1666666666666666,75773
0,0,124.0,35.97646760940552,11,1308,396,615,441,0.1666666666666666,0.1666666666666666,0.1666666666666666,0.1666666666666666,0.1666666666666666,0.1666666666666666,75918
0,0,124.0,36.03973126411438,502,87,1440,802,441,0.1666666666666666,0.1666666666666666,0.1666666666666666,0.1666666666666666,0.1666666666666666,0.1666666666666666,76061
0,0,124.0,36.12801122665405,464,102,1440,698,441,0.1666666666666666,0.1666666666666666,0.1666666666666666,0.1666666666666666,0.1666666666666666,0.1666666666666666,76201
0,0,124.0,36.19460940361023,570,102,1383,1567,441,0.1666666666666666,0.1666666666666666,0.1666666666666666,0.1666666666666666,0.1666666666666666,0.1666666666666666,76346
0,0,124.0,3.622621297836304,430,635,197,1102,441,0.1666666666666666,0.1666666666666666,0.1666666666666666,0.1666666666666666,0.1666666666666666,0.1666666666666666,7644
0,0,124.0,36.26252341270447,569,950,300,1192,441,0.1666666666666666,0.1666666666666666,0.1666666666666666,0.1666666666666666,0.1666666666666666,0.1666666666666666,76490
0,0,124.0,36.330963134765625,576,0,1502,228,441,0.1666666666666666,0.1666666666666666,0.1666666666666666,0.1666666666666666,0.1666666666666666,0.1666666666666666,76636
0,0,124.0,36.396279096603394,179,151,591,1520,441,0.1666666666666666,0.1666666666666666,0.1666666666666666,0.1666666666666666,0.1666666666666666,0.1666666666666666,76778
0,0,124.0,36.46164894104004,0,1207,1502,155,441,0.1666666666666666,0.1666666666666666,0.1666666666666666,0.1666666666666666,0.1666666666666666,0.1666666666666666,76921
0,0,124.0,36.52791571617127,438,950,1167,140,441,0.1666666666666666,0.1666666666666666,0.1666666666666666,0.1666666666666666,0.1666666666666666,0.1666666666666666,77069
0,0,124.0,36.601479053497314,149,142,737,1520,441,0.1666666666666666,0.1666666666666666,0.1666666666666666,0.1666666666666666,0.1666666666666666,0.1666666666666666,77212
0,0,124.0,36.66510701179504,1049,1530,1481,155,441,0.1666666666666666,0.1666666666666666,0.1666666666666666,0.1666666666666666,0.1666666666666666,0.1666666666666666,77354
0,0,124.0,36.72937798500061,517,1442,1476,1628,441,0.1666666666666666,0.1666666666666666,0.1666666666666666,0.1666666666666666,0.1666666666666666,0.1666666666666666,77500
0,0,124.0,36.79543352127075,517,1442,70,1628,441,0.1666666666666666,0.1666666666666666,0.1666666666666666,0.1666666666666666,0.1666666666666666,0.1666666666666666,77644
0,0,124.0,36.86191773414612,1048,1561,1476,155,441,0.1666666666666666,0.1666666666666666,0.1666666666666666,0.1666666666666666,0.1666666666666666,0.1666666666666666,77793
0,0,124.0,3.684377908706665,1708,490,975,1713,441,0.1666666666666666,0.1666666666666666,0.1666666666666666,0.1666666666666666,0.1666666666666666,0.1666666666666666,7786
0,0,124.0,36.94254183769226,1048,1561,1439,155,441,0.1666666666666666,0.1666666666666666,0.1666666666666666,0.1666666666666666,0.1666666666666666,0.1666666666666666,77940
0,0,124.0,37.01049590110779,954,1381,1442,113,441,0.1666666666666666,0.1666666666666666,0.1666666666666666,0.1666666666666666,0.1666666666666666,0.1666666666666666,78087
0,0,124.0,37.090667724609375,780,745,955,89,441,0.1666666666666666,0.1666666666666666,0.1666666666666666,0.1666666666666666,0.1666666666666666,0.1666666666666666,78234
0,0,124.0,37.159841775894165,732,936,1335,254,441,0.1666666666666666,0.1666666666666666,0.1666666666666666,0.1666666666666666,0.1666666666666666,0.1666666666666666,78383
0,0,124.0,37.22724747657776,659,936,1335,254,441,0.1666666666666666,0.1666666666666666,0.1666666666666666,0.1666666666666666,0.1666666666666666,0.1666666666666666,78532
0,0,124.0,37.29149127006531,692,917,1335,1225,441,0.1666666666666666,0.1666666666666666,0.1666666666666666,0.1666666666666666,0.1666666666666666,0.1666666666666666,78677
0,0,124.0,37.35775017738342,692,917,1335,1225,441,0.1666666666666666,0.1666666666666666,0.1666666666666666,0.1666666666666666,0.1666666666666666,0.1666666666666666,78822
0,0,124.0,37.42244243621826,617,874,1335,738,441,0.1666666666666666,0.1666666666666666,0.1666666666666666,0.1666666666666666,0.1666666666666666,0.1666666666666666,78964
0,0,124.0,37.48712110519409,1609,750,165,1054,441,0.1666666666666666,0.1666666666666666,0.1666666666666666,0.1666666666666666,0.1666666666666666,0.1666666666666666,79112
0,0,124.0,3.7489571571350098,1708,490,975,1713,441,0.1666666666666666,0.1666666666666666,0.1666666666666666,0.1666666666666666,0.1666666666666666,0.1666666666666666,7925
0,0,124.0,37.55776524543762,692,454,1025,1233,441,0.1666666666666666,0.1666666666666666,0.1666666666666666,0.1666666666666666,0.1666666666666666,0.1666666666666666,79259
0,0,124.0,37.62573504447937,152,797,165,803,441,0.1666666666666666,0.1666666666666666,0.1666666666666666,0.1666666666666666,0.1666666666666666,0.1666666666666666,79405
0,0,124.0,37.69319796562195,316,797,165,803,441,0.1666666666666666,0.1666666666666666,0.1666666666666666,0.1666666666666666,0.1666666666666666,0.1666666666666666,79555
0,0,124.0,37.76227331161499,719,406,687,725,441,0.1666666666666666,0.1666666666666666,0.1666666666666666,0.1666666666666666,0.1666666666666666,0.1666666666666666,79705
0,0,124.0,37.825756549835205,873,334,75,1267,441,0.1666666666666666,0.1666666666666666,0.1666666666666666,0.1666666666666666,0.1666666666666666,0.1666666666666666,79850
0,0,124.0,37.98095488548279,719,438,32,685,441,0.1666666666666666,0.1666666666666666,0.1666666666666666,0.1666666666666666,0.1666666666666666,0.1666666666666666,79994
0,0,124.0,38.06049823760986,862,685,1658,830,441,0.1666666666666666,0.1666666666666666,0.1666666666666666,0.1666666666666666,0.1666666666666666,0.1666666666666666,80141
0,0,124.0,38.12595319747925,1686,746,282,1143,441,0.1666666666666666,0.1666666666666666,0.1666666666666666,0.1666666666666666,0.1666666666666666,0.1666666666666666,80289
0,0,124.0,38.1900589466095,862,685,1658,830,441,0.1666666666666666,0.1666666666666666,0.1666666666666666,0.1666666666666666,0.1666666666666666,0.1666666666666666,80434
0,0,124.0,38.25735092163086,862,685,1114,830,441,0.1666666666666666,0.1666666666666666,0.1666666666666666,0.1666666666666666,0.1666666666666666,0.1666666666666666,80581
0,0,124.0,3.8114728927612314,1708,490,975,1713,441,0.1666666666666666,0.1666666666666666,0.1666666666666666,0.1666666666666666,0.1666666666666666,0.1666666666666666,8066
0,0,124.0,38.32294249534607,862,685,1658,1076,441,0.1666666666666666,0.1666666666666666,0.1666666666666666,0.1666666666666666,0.1666666666666666,0.1666666666666666,80726
0,0,124.0,38.386364698410034,862,685,1114,830,441,0.1666666666666666,0.1666666666666666,0.1666666666666666,0.1666666666666666,0.1666666666666666,0.1666666666666666,80869
0,0,124.0,38.45070552825928,976,625,648,925,441,0.1666666666666666,0.1666666666666666,0.1666666666666666,0.1666666666666666,0.1666666666666666,0.1666666666666666,81014
0,0,124.0,38.51375913619995,862,554,1114,830,441,0.1666666666666666,0.1666666666666666,0.1666666666666666,0.1666666666666666,0.1666666666666666,0.1666666666666666,81158
0,0,124.0,38.57659554481506,862,0,1147,830,441,0.1666666666666666,0.1666666666666666,0.1666666666666666,0.1666666666666666,0.1666666666666666,0.1666666666666666,81300
0,0,124.0,38.64141821861267,862,0,1147,277,441,0.1666666666666666,0.1666666666666666,0.1666666666666666,0.1666666666666666,0.1666666666666666,0.1666666666666666,81448
0,0,124.0,38.70720100402832,862,0,1147,830,441,0.1666666666666666,0.1666666666666666,0.1666666666666666,0.1666666666666666,0.1666666666666666,0.1666666666666666,81593
0,0,124.0,38.7731077671051,726,0,1091,276,441,0.1666666666666666,0.1666666666666666,0.1666666666666666,0.1666666666666666,0.1666666666666666,0.1666666666666666,81741
0,0,124.0,38.83808207511902,726,0,1091,323,441,0.1666666666666666,0.1666666666666666,0.1666666666666666,0.1666666666666666,0.1666666666666666,0.1666666666666666,81888
0,0,124.0,38.902273416519165,726,330,1091,323,441,0.1666666666666666,0.1666666666666666,0.1666666666666666,0.1666666666666666,0.1666666666666666,0.1666666666666666,82033
0,0,124.0,3.877035140991211,1708,490,975,1713,441,0.1666666666666666,0.1666666666666666,0.1666666666666666,0.1666666666666666,0.1666666666666666,0.1666666666666666,8213
0,0,124.0,38.96594977378845,726,0,1140,91,441,0.1666666666666666,0.1666666666666666,0.1666666666666666,0.1666666666666666,0.1666666666666666,0.1666666666666666,82177
0,0,124.0,0.4379851818084717,1034,648,1131,1049,441,0.1666666666666666,0.1666666666666666,0.1666666666666666,0.1666666666666666,0.1666666666666666,0.1666666666666666,822
0,0,124.0,39.036139488220215,726,130,1091,1522,441,0.1666666666666666,0.1666666666666666,0.1666666666666666,0.1666666666666666,0.1666666666666666,0.1666666666666666,82325
0,0,124.0,39.11077046394348,726,847,1140,846,441,0.1666666666666666,0.1666666666666666,0.1666666666666666,0.1666666666666666,0.1666666666666666,0.1666666666666666,82472
0,0,124.0,39.17517828941345,595,0,323,1601,441,0.1666666666666666,0.1666666666666666,0.1666666666666666,0.1666666666666666,0.1666666666666666,0.1666666666666666,82617
0,0,124.0,39.2391140460968,595,0,1300,1610,441,0.1666666666666666,0.1666666666666666,0.1666666666666666,0.1666666666666666,0.1666666666666666,0.1666666666666666,82761
0,0,124.0,39.32755422592163,595,0,350,1610,441,0.1666666666666666,0.1666666666666666,0.1666666666666666,0.1666666666666666,0.1666666666666666,0.1666666666666666,82906
0,0,124.0,39.392439126968384,673,0,1300,1147,441,0.1666666666666666,0.1666666666666666,0.1666666666666666,0.1666666666666666,0.1666666666666666,0.1666666666666666,83052
0,0,124.0,39.46098756790161,595,0,1706,1498,441,0.1666666666666666,0.1666666666666666,0.1666666666666666,0.1666666666666666,0.1666666666666666,0.1666666666666666,83197
0,0,124.0,39.523754358291626,542,470,62,1601,441,0.1666666666666666,0.1666666666666666,0.1666666666666666,0.1666666666666666,0.1666666666666666,0.1666666666666666,83342
0,0,124.0,39.586241245269775,264,0,731,1161,441,0.1666666666666666,0.1666666666666666,0.1666666666666666,0.1666666666666666,0.1666666666666666,0.1666666666666666,83483
0,0,124.0,3.9424524307250977,1708,490,975,1713,441,0.1666666666666666,0.1666666666666666,0.1666666666666666,0.1666666666666666,0.1666666666666666,0.1666666666666666,8359
0,0,124.0,39.65118479728699,255,779,932,1161,441,0.1666666666666666,0.1666666666666666,0.1666666666666666,0.1666666666666666,0.1666666666666666,0.1666666666666666,83625
0,0,124.0,39.71629285812378,662,596,1557,1207,441,0.1666666666666666,0.1666666666666666,0.1666666666666666,0.1666666666666666,0.1666666666666666,0.1666666666666666,83769
0,0,124.0,39.78201723098755,264,350,731,1161,441,0.1666666666666666,0.1666666666666666,0.1666666666666666,0.1666666666666666,0.1666666666666666,0.1666666666666666,83915
0,0,124.0,39.85811614990234,264,350,1282,1161,441,0.1666666666666666,0.1666666666666666,0.1666666666666666,0.1666666666666666,0.1666666666666666,0.1666666666666666,84060
0,0,124.0,39.92800807952881,264,282,0,1237,441,0.1666666666666666,0.1666666666666666,0.1666666666666666,0.1666666666666666,0.1666666666666666,0.1666666666666666,84210
0,0,124.0,39.992671966552734,264,282,0,567,441,0.1666666666666666,0.1666666666666666,0.1666666666666666,0.1666666666666666,0.1666666666666666,0.1666666666666666,84359
0,0,124.0,40.07031035423279,858,282,1,1237,441,0.1666666666666666,0.1666666666666666,0.1666666666666666,0.1666666666666666,0.1666666666666666,0.1666666666666666,84505
0,0,124.0,40.1352653503418,353,282,0,59,441,0.1666666666666666,0.1666666666666666,0.1666666666666666,0.1666666666666666,0.1666666666666666,0.1666666666666666,84652
0,0,124.0,40.19692277908325,264,232,0,692,441,0.1666666666666666,0.1666666666666666,0.1666666666666666,0.1666666666666666,0.1666666666666666,0.1666666666666666,84795
0,0,124.0,40.258636713027954,653,282,40,59,441,0.1666666666666666,0.1666666666666666,0.1666666666666666,0.1666666666666666,0.1666666666666666,0.1666666666666666,84933
0,0,124.0,4.006825685501099,1708,706,975,1194,441,0.1666666666666666,0.1666666666666666,0.1666666666666666,0.1666666666666666,0.1666666666666666,0.1666666666666666,8504
0,0,124.0,40.3261296749115,1228,793,40,59,441,0.1666666666666666,0.1666666666666666,0.1666666666666666,0.1666666666666666,0.1666666666666666,0.1666666666666666,85081
0,0,124.0,40.38908004760742,653,24,1412,293,441,0.1666666666666666,0.1666666666666666,0.1666666666666666,0.1666666666666666,0.1666666666666666,0.1666666666666666,85226
0,0,124.0,40.45511984825134,653,24,1412,293,441,0.1666666666666666,0.1666666666666666,0.1666666666666666,0.1666666666666666,0.1666666666666666,0.1666666666666666,85372
0,0,124.0,40.52267622947693,653,24,1412,293,441,0.1666666666666666,0.1666666666666666,0.1666666666666666,0.1666666666666666,0.1666666666666666,0.1666666666666666,85522
0,0,124.0,40.58919072151184,653,24,1412,293,441,0.1666666666666666,0.1666666666666666,0.1666666666666666,0.1666666666666666,0.1666666666666666,0.1666666666666666,85669
0,0,124.0,40.66552925109863,653,24,1412,293,441,0.1666666666666666,0.1666666666666666,0.1666666666666666,0.1666666666666666,0.1666666666666666,0.1666666666666666,85814
0,0,124.0,40.73480796813965,653,24,1412,293,441,0.1666666666666666,0.1666666666666666,0.1666666666666666,0.1666666666666666,0.1666666666666666,0.1666666666666666,85963
0,0,124.0,40.79955267906189,653,24,1412,293,441,0.1666666666666666,0.1666666666666666,0.1666666666666666,0.1666666666666666,0.1666666666666666,0.1666666666666666,86106
0,0,124.0,40.86417245864868,653,24,1412,293,441,0.1666666666666666,0.1666666666666666,0.1666666666666666,0.1666666666666666,0.1666666666666666,0.1666666666666666,86247
0,0,124.0,40.94135427474976,653,24,1412,293,441,0.1666666666666666,0.1666666666666666,0.1666666666666666,0.1666666666666666,0.1666666666666666,0.1666666666666666,86394
0,0,124.0,4.070539951324463,1708,706,975,1194,441,0.1666666666666666,0.1666666666666666,0.1666666666666666,0.1666666666666666,0.1666666666666666,0.1666666666666666,8649
0,0,124.0,41.0053174495697,628,24,1412,293,441,0.1666666666666666,0.1666666666666666,0.1666666666666666,0.1666666666666666,0.1666666666666666,0.1666666666666666,86540
0,0,124.0,41.0709912776947,628,417,1412,293,441,0.1666666666666666,0.1666666666666666,0.1666666666666666,0.1666666666666666,0.1666666666666666,0.1666666666666666,86686
0,0,124.0,41.13546204566956,628,417,1412,293,441,0.1666666666666666,0.1666666666666666,0.1666666666666666,0.1666666666666666,0.1666666666666666,0.1666666666666666,86830
0,0,124.0,41.20054221153259,706,417,52,293,441,0.1666666666666666,0.1666666666666666,0.1666666666666666,0.1666666666666666,0.1666666666666666,0.1666666666666666,86976
0,0,124.0,41.26470899581909,699,417,1412,434,441,0.1666666666666666,0.1666666666666666,0.1666666666666666,0.1666666666666666,0.1666666666666666,0.1666666666666666,87121
0,0,124.0,41.32889437675476,681,395,1429,434,441,0.1666666666666666,0.1666666666666666,0.1666666666666666,0.1666666666666666,0.1666666666666666,0.1666666666666666,87268
0,0,124.0,41.39175820350647,803,417,1412,198,441,0.1666666666666666,0.1666666666666666,0.1666666666666666,0.1666666666666666,0.1666666666666666,0.1666666666666666,87408
0,0,124.0,41.46725559234619,254,395,1429,434,441,0.1666666666666666,0.1666666666666666,0.1666666666666666,0.1666666666666666,0.1666666666666666,0.1666666666666666,87555
0,0,124.0,41.555970191955566,705,648,809,519,441,0.1666666666666666,0.1666666666666666,0.1666666666666666,0.1666666666666666,0.1666666666666666,0.1666666666666666,87701
0,0,124.0,41.62177515029907,254,395,1429,921,441,0.1666666666666666,0.1666666666666666,0.1666666666666666,0.1666666666666666,0.1666666666666666,0.1666666666666666,87848
0,0,124.0,4.134347438812256,1708,706,975,1194,441,0.1666666666666666,0.1666666666666666,0.1666666666666666,0.1666666666666666,0.1666666666666666,0.1666666666666666,8794
0,0,124.0,41.77745842933655,176,395,262,434,441,0.1666666666666666,0.1666666666666666,0.1666666666666666,0.1666666666666666,0.1666666666666666,0.1666666666666666,87995
0,0,124.0,41.84210729598999,582,278,1340,459,441,0.1666666666666666,0.1666666666666666,0.1666666666666666,0.1666666666666666,0.1666666666666666,0.1666666666666666,88138
0,0,124.0,41.91019129753113,176,440,165,433,441,0.1666666666666666,0.1666666666666666,0.1666666666666666,0.1666666666666666,0.1666666666666666,0.1666666666666666,88282
0,0,124.0,41.97525310516357,582,278,1340,459,441,0.1666666666666666,0.1666666666666666,0.1666666666666666,0.1666666666666666,0.1666666666666666,0.1666666666666666,88425
0,0,124.0,42.042704820632935,176,440,165,433,441,0.1666666666666666,0.1666666666666666,0.1666666666666666,0.1666666666666666,0.1666666666666666,0.1666666666666666,88573
0,0,124.0,42.10797905921936,658,287,1340,361,441,0.1666666666666666,0.1666666666666666,0.1666666666666666,0.1666666666666666,0.1666666666666666,0.1666666666666666,88719
0,0,124.0,42.17506170272827,176,440,165,433,441,0.1666666666666666,0.1666666666666666,0.1666666666666666,0.1666666666666666,0.1666666666666666,0.1666666666666666,88863
0,0,124.0,42.24170207977295,1258,440,165,433,441,0.1666666666666666,0.1666666666666666,0.1666666666666666,0.1666666666666666,0.1666666666666666,0.1666666666666666,89010
0,0,124.0,42.3089165687561,1258,1403,165,433,441,0.1666666666666666,0.1666666666666666,0.1666666666666666,0.1666666666666666,0.1666666666666666,0.1666666666666666,89157
0,0,124.0,42.38331460952759,658,711,944,361,441,0.1666666666666666,0.1666666666666666,0.1666666666666666,0.1666666666666666,0.1666666666666666,0.1666666666666666,89301
0,0,124.0,4.1990251541137695,1708,888,124,1194,441,0.1666666666666666,0.1666666666666666,0.1666666666666666,0.1666666666666666,0.1666666666666666,0.1666666666666666,8939
0,0,124.0,42.44972634315491,658,711,944,684,441,0.1666666666666666,0.1666666666666666,0.1666666666666666,0.1666666666666666,0.1666666666666666,0.1666666666666666,89448
0,0,124.0,42.51523947715759,917,750,979,600,441,0.1666666666666666,0.1666666666666666,0.1666666666666666,0.1666666666666666,0.1666666666666666,0.1666666666666666,89596
0,0,124.0,42.579540491104126,975,752,979,613,441,0.1666666666666666,0.1666666666666666,0.1666666666666666,0.1666666666666666,0.1666666666666666,0.1666666666666666,89745
0,0,124.0,42.655210733413696,975,753,979,613,441,0.1666666666666666,0.1666666666666666,0.1666666666666666,0.1666666666666666,0.1666666666666666,0.1666666666666666,89891
0,0,124.0,42.72230744361877,966,752,987,613,441,0.1666666666666666,0.1666666666666666,0.1666666666666666,0.1666666666666666,0.1666666666666666,0.1666666666666666,90039
0,0,124.0,42.79016065597534,988,753,979,758,441,0.1666666666666666,0.1666666666666666,0.1666666666666666,0.1666666666666666,0.1666666666666666,0.1666666666666666,90184
0,0,124.0,42.8567316532135,988,753,979,758,441,0.1666666666666666,0.1666666666666666,0.1666666666666666,0.1666666666666666,0.1666666666666666,0.1666666666666666,90329
0,0,124.0,42.92344784736633,988,755,978,758,441,0.1666666666666666,0.1666666666666666,0.1666666666666666,0.1666666666666666,0.1666666666666666,0.1666666666666666,90476
0,0,124.0,42.988028049468994,988,668,979,758,441,0.1666666666666666,0.1666666666666666,0.1666666666666666,0.1666666666666666,0.1666666666666666,0.1666666666666666,90618
0,0,124.0,43.05585432052612,988,603,979,758,441,0.1666666666666666,0.1666666666666666,0.1666666666666666,0.1666666666666666,0.1666666666666666,0.1666666666666666,90766
0,0,124.0,4.264663219451904,459,706,975,1201,441,0.1666666666666666,0.1666666666666666,0.1666666666666666,0.1666666666666666,0.1666666666666666,0.1666666666666666,9084
0,0,124.0,43.13286781311035,988,1248,1136,758,441,0.1666666666666666,0.1666666666666666,0.1666666666666666,0.1666666666666666,0.1666666666666666,0.1666666666666666,90910
0,0,124.0,43.19957089424133,846,465,438,758,441,0.1666666666666666,0.1666666666666666,0.1666666666666666,0.1666666666666666,0.1666666666666666,0.1666666666666666,91057
0,0,124.0,43.27427101135254,988,1248,1311,758,441,0.1666666666666666,0.1666666666666666,0.1666666666666666,0.1666666666666666,0.1666666666666666,0.1666666666666666,91204
0,0,124.0,43.34292125701904,1412,262,430,758,441,0.1666666666666666,0.1666666666666666,0.1666666666666666,0.1666666666666666,0.1666666666666666,0.1666666666666666,91351
0,0,124.0,43.40675354003906,900,569,963,758,441,0.1666666666666666,0.1666666666666666,0.1666666666666666,0.1666666666666666,0.1666666666666666,0.1666666666666666,91495
0,0,124.0,43.47292232513428,988,439,710,594,441,0.1666666666666666,0.1666666666666666,0.1666666666666666,0.1666666666666666,0.1666666666666666,0.1666666666666666,91643
0,0,124.0,43.54019331932068,900,569,949,758,441,0.1666666666666666,0.1666666666666666,0.1666666666666666,0.1666666666666666,0.1666666666666666,0.1666666666666666,91790
0,0,124.0,43.60750484466553,975,570,963,758,441,0.1666666666666666,0.1666666666666666,0.1666666666666666,0.1666666666666666,0.1666666666666666,0.1666666666666666,91937
0,0,124.0,43.68207621574402,891,569,949,758,441,0.1666666666666666,0.1666666666666666,0.1666666666666666,0.1666666666666666,0.1666666666666666,0.1666666666666666,92083
0,0,124.0,43.75012683868408,973,604,877,517,441,0.1666666666666666,0.1666666666666666,0.1666666666666666,0.1666666666666666,0.1666666666666666,0.1666666666666666,92226
0,0,124.0,4.328218936920166,459,706,374,1201,441,0.1666666666666666,0.1666666666666666,0.1666666666666666,0.1666666666666666,0.1666666666666666,0.1666666666666666,9231
0,0,124.0,43.81422972679138,973,604,877,517,441,0.1666666666666666,0.1666666666666666,0.1666666666666666,0.1666666666666666,0.1666666666666666,0.1666666666666666,92369
0,0,124.0,43.89599132537842,736,939,858,159,441,0.1666666666666666,0.1666666666666666,0.1666666666666666,0.1666666666666666,0.1666666666666666,0.1666666666666666,92513
0,0,124.0,43.96361708641052,1123,252,843,517,441,0.1666666666666666,0.1666666666666666,0.1666666666666666,0.1666666666666666,0.1666666666666666,0.1666666666666666,92660
0,0,124.0,44.02739071846008,701,346,736,914,441,0.1666666666666666,0.1666666666666666,0.1666666666666666,0.1666666666666666,0.1666666666666666,0.1666666666666666,92802
0,0,124.0,44.09089112281799,1359,548,842,517,441,0.1666666666666666,0.1666666666666666,0.1666666666666666,0.1666666666666666,0.1666666666666666,0.1666666666666666,92947
0,0,124.0,44.15401029586792,1359,548,452,517,441,0.1666666666666666,0.1666666666666666,0.1666666666666666,0.1666666666666666,0.1666666666666666,0.1666666666666666,93087
0,0,124.0,44.22093653678894,1351,548,452,921,441,0.1666666666666666,0.1666666666666666,0.1666666666666666,0.1666666666666666,0.1666666666666666,0.1666666666666666,93230
0,0,124.0,44.28684210777283,994,153,833,279,441,0.1666666666666666,0.1666666666666666,0.1666666666666666,0.1666666666666666,0.1666666666666666,0.1666666666666666,93375
0,0,124.0,44.35187339782715,1351,947,389,921,441,0.1666666666666666,0.1666666666666666,0.1666666666666666,0.1666666666666666,0.1666666666666666,0.1666666666666666,93524
0,0,124.0,44.41370177268982,559,947,425,1243,441,0.1666666666666666,0.1666666666666666,0.1666666666666666,0.1666666666666666,0.1666666666666666,0.1666666666666666,93663
0,0,124.0,4.39370059967041,1631,706,975,1194,441,0.1666666666666666,0.1666666666666666,0.1666666666666666,0.1666666666666666,0.1666666666666666,0.1666666666666666,9376
0,0,124.0,44.483893394470215,559,947,425,1243,441,0.1666666666666666,0.1666666666666666,0.1666666666666666,0.1666666666666666,0.1666666666666666,0.1666666666666666,93808
0,0,124.0,44.54942440986633,994,1030,725,555,441,0.1666666666666666,0.1666666666666666,0.1666666666666666,0.1666666666666666,0.1666666666666666,0.1666666666666666,93955
0,0,124.0,44.614018201828,559,947,425,1243,441,0.1666666666666666,0.1666666666666666,0.1666666666666666,0.1666666666666666,0.1666666666666666,0.1666666666666666,94097
0,0,124.0,44.67977237701416,1277,634,425,402,441,0.1666666666666666,0.1666666666666666,0.1666666666666666,0.1666666666666666,0.1666666666666666,0.1666666666666666,94242
0,0,124.0,44.74975848197937,1277,634,425,402,441,0.1666666666666666,0.1666666666666666,0.1666666666666666,0.1666666666666666,0.1666666666666666,0.1666666666666666,94389
0,0,124.0,44.81388187408447,642,634,425,1509,441,0.1666666666666666,0.1666666666666666,0.1666666666666666,0.1666666666666666,0.1666666666666666,0.1666666666666666,94533
0,0,124.0,44.88014817237854,937,634,425,622,441,0.1666666666666666,0.1666666666666666,0.1666666666666666,0.1666666666666666,0.1666666666666666,0.1666666666666666,94676
0,0,124.0,44.94803428649902,1367,730,494,402,441,0.1666666666666666,0.1666666666666666,0.1666666666666666,0.1666666666666666,0.1666666666666666,0.1666666666666666,94823
0,0,124.0,45.012054443359375,642,278,988,1695,441,0.1666666666666666,0.1666666666666666,0.1666666666666666,0.1666666666666666,0.1666666666666666,0.1666666666666666,94971
0,0,124.0,45.07641959190369,642,278,988,1695,441,0.1666666666666666,0.1666666666666666,0.1666666666666666,0.1666666666666666,0.1666666666666666,0.1666666666666666,95117
0,0,124.0,4.458132743835449,454,706,374,1201,441,0.1666666666666666,0.1666666666666666,0.1666666666666666,0.1666666666666666,0.1666666666666666,0.1666666666666666,9518
0,0,124.0,45.13935136795044,642,278,2,1695,441,0.1666666666666666,0.1666666666666666,0.1666666666666666,0.1666666666666666,0.1666666666666666,0.1666666666666666,95259
0,0,124.0,45.20380854606629,735,182,169,1676,441,0.1666666666666666,0.1666666666666666,0.1666666666666666,0.1666666666666666,0.1666666666666666,0.1666666666666666,95404
0,0,124.0,45.27462196350098,735,277,169,1695,441,0.1666666666666666,0.1666666666666666,0.1666666666666666,0.1666666666666666,0.1666666666666666,0.1666666666666666,95549
0,0,124.0,45.34351515769959,1357,278,2,1695,441,0.1666666666666666,0.1666666666666666,0.1666666666666666,0.1666666666666666,0.1666666666666666,0.1666666666666666,95697
0,0,124.0,45.4087176322937,750,270,169,582,441,0.1666666666666666,0.1666666666666666,0.1666666666666666,0.1666666666666666,0.1666666666666666,0.1666666666666666,95841
0,0,124.0,45.47276282310486,1175,277,1152,527,441,0.1666666666666666,0.1666666666666666,0.1666666666666666,0.1666666666666666,0.1666666666666666,0.1666666666666666,95989
0,0,124.0,45.5391411781311,750,270,169,582,441,0.1666666666666666,0.1666666666666666,0.1666666666666666,0.1666666666666666,0.1666666666666666,0.1666666666666666,96132
0,0,124.0,45.605578660964966,750,573,551,577,441,0.1666666666666666,0.1666666666666666,0.1666666666666666,0.1666666666666666,0.1666666666666666,0.1666666666666666,96277
0,0,124.0,45.6713969707489,1175,279,1274,542,441,0.1666666666666666,0.1666666666666666,0.1666666666666666,0.1666666666666666,0.1666666666666666,0.1666666666666666,96424
0,0,124.0,45.73532795906067,1175,279,1274,542,441,0.1666666666666666,0.1666666666666666,0.1666666666666666,0.1666666666666666,0.1666666666666666,0.1666666666666666,96569
0,0,124.0,0.5079789161682129,1713,1414,1453,1713,441,0.1666666666666666,0.1666666666666666,0.1666666666666666,0.1666666666666666,0.1666666666666666,0.1666666666666666,966
0,0,124.0,4.523971557617188,459,1063,914,1201,441,0.1666666666666666,0.1666666666666666,0.1666666666666666,0.1666666666666666,0.1666666666666666,0.1666666666666666,9664
0,0,124.0,45.79830813407898,1175,279,1274,542,441,0.1666666666666666,0.1666666666666666,0.1666666666666666,0.1666666666666666,0.1666666666666666,0.1666666666666666,96712
0,0,124.0,45.95550894737244,1175,279,486,139,441,0.1666666666666666,0.1666666666666666,0.1666666666666666,0.1666666666666666,0.1666666666666666,0.1666666666666666,96856
0,0,124.0,46.02132868766785,1175,279,486,139,441,0.1666666666666666,0.1666666666666666,0.1666666666666666,0.1666666666666666,0.1666666666666666,0.1666666666666666,97001
0,0,124.0,46.0866322517395,943,630,706,679,441,0.1666666666666666,0.1666666666666666,0.1666666666666666,0.1666666666666666,0.1666666666666666,0.1666666666666666,97148
0,0,124.0,46.15161275863648,1175,279,486,139,441,0.1666666666666666,0.1666666666666666,0.1666666666666666,0.1666666666666666,0.1666666666666666,0.1666666666666666,97291
0,0,124.0,46.21575427055359,938,618,572,706,441,0.1666666666666666,0.1666666666666666,0.1666666666666666,0.1666666666666666,0.1666666666666666,0.1666666666666666,97435
0,0,124.0,46.283097982406616,769,244,495,679,441,0.1666666666666666,0.1666666666666666,0.1666666666666666,0.1666666666666666,0.1666666666666666,0.1666666666666666,97582
0,0,124.0,46.34991765022278,769,244,1621,679,441,0.1666666666666666,0.1666666666666666,0.1666666666666666,0.1666666666666666,0.1666666666666666,0.1666666666666666,97726
0,0,124.0,46.41583943367005,1504,256,0,687,441,0.1666666666666666,0.1666666666666666,0.1666666666666666,0.1666666666666666,0.1666666666666666,0.1666666666666666,97871
0,0,124.0,46.48229241371155,1504,256,0,687,441,0.1666666666666666,0.1666666666666666,0.1666666666666666,0.1666666666666666,0.1666666666666666,0.1666666666666666,98021
0,0,124.0,4.589017629623413,459,1063,914,1083,441,0.1666666666666666,0.1666666666666666,0.1666666666666666,0.1666666666666666,0.1666666666666666,0.1666666666666666,9808
0,0,124.0,46.5511794090271,1704,256,666,687,441,0.1666666666666666,0.1666666666666666,0.1666666666666666,0.1666666666666666,0.1666666666666666,0.1666666666666666,98168
0,0,124.0,46.61861610412598,1504,295,570,541,441,0.1666666666666666,0.1666666666666666,0.1666666666666666,0.1666666666666666,0.1666666666666666,0.1666666666666666,98315
0,0,124.0,46.68858051300049,1713,4,1253,677,441,0.1666666666666666,0.1666666666666666,0.1666666666666666,0.1666666666666666,0.1666666666666666,0.1666666666666666,98461
0,0,124.0,46.75385236740112,1663,333,628,575,441,0.1666666666666666,0.1666666666666666,0.1666666666666666,0.1666666666666666,0.1666666666666666,0.1666666666666666,98610
0,0,124.0,46.81834959983826,1519,256,28,579,441,0.1666666666666666,0.1666666666666666,0.1666666666666666,0.1666666666666666,0.1666666666666666,0.1666666666666666,98759
0,0,124.0,46.88489055633545,1704,507,709,864,441,0.1666666666666666,0.1666666666666666,0.1666666666666666,0.1666666666666666,0.1666666666666666,0.1666666666666666,98906
0,0,124.0,46.94944167137146,1696,252,121,577,441,0.1666666666666666,0.1666666666666666,0.1666666666666666,0.1666666666666666,0.1666666666666666,0.1666666666666666,99053
0,0,124.0,47.02194166183472,1708,683,709,873,441,0.1666666666666666,0.1666666666666666,0.1666666666666666,0.1666666666666666,0.1666666666666666,0.1666666666666666,99202
0,0,124.0,47.09688997268677,1510,1345,269,579,441,0.1666666666666666,0.1666666666666666,0.1666666666666666,0.1666666666666666,0.1666666666666666,0.1666666666666666,99344
0,0,124.0,47.16317677497864,1510,1345,306,781,441,0.1666666666666666,0.1666666666666666,0.1666666666666666,0.1666666666666666,0.1666666666666666,0.1666666666666666,99491
0,0,124.0,4.651737928390503,503,1063,914,849,441,0.1666666666666666,0.1666666666666666,0.1666666666666666,0.1666666666666666,0.1666666666666666,0.1666666666666666,9953
0,0,124.0,47.22898507118225,1158,1345,269,579,441,0.1666666666666666,0.1666666666666666,0.1666666666666666,0.1666666666666666,0.1666666666666666,0.1666666666666666,99633
0,0,124.0,47.29486870765686,1510,1345,306,781,441,0.1666666666666666,0.1666666666666666,0.1666666666666666,0.1666666666666666,0.1666666666666666,0.1666666666666666,99779
0,0,124.0,47.360548973083496,831,759,307,479,441,0.1666666666666666,0.1666666666666666,0.1666666666666666,0.1666666666666666,0.1666666666666666,0.1666666666666666,99926
