,Unnamed: 0,best_score,elapsed_time,pi_0,pi_1,pi_2,pi_3,pi_4,probability_SBX,probability_PCX,probability_DE,probability_UNDX,probability_SPX,probability_UM,nfe
0,0,208.0,0.6038618087768555,974,2954,3679,3710,3631,0.1666666666666666,0.1666666666666666,0.1666666666666666,0.1666666666666666,0.1666666666666666,0.1666666666666666,100
0,0,625.0,597.4547312259674,1742,3685,868,2965,2653,0.1666666666666666,0.1666666666666666,0.1666666666666666,0.1666666666666666,0.1666666666666666,0.1666666666666666,100095
0,0,411.0,59.982537508010864,2252,1411,841,2965,3127,0.1666666666666666,0.1666666666666666,0.1666666666666666,0.1666666666666666,0.1666666666666666,0.1666666666666666,10107
0,0,411.0,60.84099292755127,2252,2563,841,2965,3127,0.1666666666666666,0.1666666666666666,0.1666666666666666,0.1666666666666666,0.1666666666666666,0.1666666666666666,10254
0,0,411.0,61.70826411247253,2252,2563,841,2965,3127,0.1666666666666666,0.1666666666666666,0.1666666666666666,0.1666666666666666,0.1666666666666666,0.1666666666666666,10400
0,0,411.0,62.57713556289673,2252,2563,841,2965,3127,0.1666666666666666,0.1666666666666666,0.1666666666666666,0.1666666666666666,0.1666666666666666,0.1666666666666666,10547
0,0,411.0,63.43340444564819,2252,2563,841,2965,3127,0.1666666666666666,0.1666666666666666,0.1666666666666666,0.1666666666666666,0.1666666666666666,0.1666666666666666,10689
0,0,411.0,64.28096222877502,2252,2563,841,2965,3127,0.1666666666666666,0.1666666666666666,0.1666666666666666,0.1666666666666666,0.1666666666666666,0.1666666666666666,10832
0,0,411.0,65.17180514335632,2252,2563,841,2965,3127,0.1666666666666666,0.1666666666666666,0.1666666666666666,0.1666666666666666,0.1666666666666666,0.1666666666666666,10981
0,0,411.0,66.09555983543396,2252,2563,841,2965,3127,0.1666666666666666,0.1666666666666666,0.1666666666666666,0.1666666666666666,0.1666666666666666,0.1666666666666666,11128
0,0,283.0,6.490901231765747,2349,218,456,1769,2077,0.1666666666666666,0.1666666666666666,0.1666666666666666,0.1666666666666666,0.1666666666666666,0.1666666666666666,1114
0,0,411.0,68.33905005455017,2252,2563,841,2965,3127,0.1666666666666666,0.1666666666666666,0.1666666666666666,0.1666666666666666,0.1666666666666666,0.1666666666666666,11274
0,0,411.0,69.18286085128784,2252,2563,841,2965,3127,0.1666666666666666,0.1666666666666666,0.1666666666666666,0.1666666666666666,0.1666666666666666,0.1666666666666666,11423
0,0,411.0,70.01367783546448,2252,2563,841,2965,3127,0.1666666666666666,0.1666666666666666,0.1666666666666666,0.1666666666666666,0.1666666666666666,0.1666666666666666,11571
0,0,411.0,70.84240913391113,2252,2563,841,2965,3127,0.1666666666666666,0.1666666666666666,0.1666666666666666,0.1666666666666666,0.1666666666666666,0.1666666666666666,11715
0,0,411.0,71.68455576896667,2252,2563,841,2965,3127,0.1666666666666666,0.1666666666666666,0.1666666666666666,0.1666666666666666,0.1666666666666666,0.1666666666666666,11858
0,0,411.0,72.48426628112793,2252,2563,841,2965,3127,0.1666666666666666,0.1666666666666666,0.1666666666666666,0.1666666666666666,0.1666666666666666,0.1666666666666666,11997
0,0,411.0,73.35115575790405,2252,2563,841,2965,3127,0.1666666666666666,0.1666666666666666,0.1666666666666666,0.1666666666666666,0.1666666666666666,0.1666666666666666,12144
0,0,411.0,74.24205660820007,2252,2563,841,2965,3127,0.1666666666666666,0.1666666666666666,0.1666666666666666,0.1666666666666666,0.1666666666666666,0.1666666666666666,12294
0,0,411.0,75.09753704071045,2252,3033,841,2965,3127,0.1666666666666666,0.1666666666666666,0.1666666666666666,0.1666666666666666,0.1666666666666666,0.1666666666666666,12441
0,0,411.0,75.93568181991577,2252,3033,841,2965,3127,0.1666666666666666,0.1666666666666666,0.1666666666666666,0.1666666666666666,0.1666666666666666,0.1666666666666666,12586
0,0,283.0,7.321599006652832,2349,218,456,1769,2077,0.1666666666666666,0.1666666666666666,0.1666666666666666,0.1666666666666666,0.1666666666666666,0.1666666666666666,1260
0,0,411.0,76.77370285987854,2252,3033,841,2965,3127,0.1666666666666666,0.1666666666666666,0.1666666666666666,0.1666666666666666,0.1666666666666666,0.1666666666666666,12732
0,0,411.0,77.62450790405273,2252,3033,841,2965,3127,0.1666666666666666,0.1666666666666666,0.1666666666666666,0.1666666666666666,0.1666666666666666,0.1666666666666666,12877
0,0,411.0,78.44466090202332,2252,3033,841,2965,3127,0.1666666666666666,0.1666666666666666,0.1666666666666666,0.1666666666666666,0.1666666666666666,0.1666666666666666,13020
0,0,411.0,79.3174798488617,2252,2974,841,2965,3127,0.1666666666666666,0.1666666666666666,0.1666666666666666,0.1666666666666666,0.1666666666666666,0.1666666666666666,13166
0,0,411.0,80.21378421783447,2252,2974,841,2965,3127,0.1666666666666666,0.1666666666666666,0.1666666666666666,0.1666666666666666,0.1666666666666666,0.1666666666666666,13315
0,0,411.0,81.17285323143005,2252,2974,841,2965,3127,0.1666666666666666,0.1666666666666666,0.1666666666666666,0.1666666666666666,0.1666666666666666,0.1666666666666666,13461
0,0,411.0,82.00921821594238,2252,2974,841,2965,3127,0.1666666666666666,0.1666666666666666,0.1666666666666666,0.1666666666666666,0.1666666666666666,0.1666666666666666,13601
0,0,411.0,82.86111092567444,2252,2974,841,2965,3127,0.1666666666666666,0.1666666666666666,0.1666666666666666,0.1666666666666666,0.1666666666666666,0.1666666666666666,13747
0,0,411.0,83.68510437011719,2252,2974,841,2965,3127,0.1666666666666666,0.1666666666666666,0.1666666666666666,0.1666666666666666,0.1666666666666666,0.1666666666666666,13892
0,0,411.0,84.59780168533325,2252,2974,841,2965,3127,0.1666666666666666,0.1666666666666666,0.1666666666666666,0.1666666666666666,0.1666666666666666,0.1666666666666666,14040
0,0,283.0,8.190755128860474,2349,218,456,1769,2077,0.1666666666666666,0.1666666666666666,0.1666666666666666,0.1666666666666666,0.1666666666666666,0.1666666666666666,1405
0,0,411.0,85.44854784011841,2252,2974,841,2965,3127,0.1666666666666666,0.1666666666666666,0.1666666666666666,0.1666666666666666,0.1666666666666666,0.1666666666666666,14185
0,0,411.0,86.31308102607727,2252,2974,841,2965,3127,0.1666666666666666,0.1666666666666666,0.1666666666666666,0.1666666666666666,0.1666666666666666,0.1666666666666666,14330
0,0,411.0,87.15386128425598,2252,2974,841,2965,3127,0.1666666666666666,0.1666666666666666,0.1666666666666666,0.1666666666666666,0.1666666666666666,0.1666666666666666,14472
0,0,411.0,88.01507997512817,2252,2974,841,2965,3127,0.1666666666666666,0.1666666666666666,0.1666666666666666,0.1666666666666666,0.1666666666666666,0.1666666666666666,14614
0,0,411.0,88.85059118270874,2252,2976,841,2965,3127,0.1666666666666666,0.1666666666666666,0.1666666666666666,0.1666666666666666,0.1666666666666666,0.1666666666666666,14759
0,0,411.0,89.71763801574707,2252,2974,609,2965,3127,0.1666666666666666,0.1666666666666666,0.1666666666666666,0.1666666666666666,0.1666666666666666,0.1666666666666666,14904
0,0,411.0,90.56182146072388,2252,2976,841,2965,3127,0.1666666666666666,0.1666666666666666,0.1666666666666666,0.1666666666666666,0.1666666666666666,0.1666666666666666,15052
0,0,411.0,91.46437525749208,2252,2976,841,2965,3127,0.1666666666666666,0.1666666666666666,0.1666666666666666,0.1666666666666666,0.1666666666666666,0.1666666666666666,15199
0,0,411.0,92.32004165649414,2252,2976,841,2965,3127,0.1666666666666666,0.1666666666666666,0.1666666666666666,0.1666666666666666,0.1666666666666666,0.1666666666666666,15343
0,0,283.0,9.009124994277954,2349,218,456,1769,1666,0.1666666666666666,0.1666666666666666,0.1666666666666666,0.1666666666666666,0.1666666666666666,0.1666666666666666,1547
0,0,411.0,93.21498346328735,2252,3249,841,2965,3127,0.1666666666666666,0.1666666666666666,0.1666666666666666,0.1666666666666666,0.1666666666666666,0.1666666666666666,15489
0,0,411.0,94.10042667388916,2252,3249,841,2965,3127,0.1666666666666666,0.1666666666666666,0.1666666666666666,0.1666666666666666,0.1666666666666666,0.1666666666666666,15633
0,0,411.0,95.00316119194032,2252,3249,841,2965,3127,0.1666666666666666,0.1666666666666666,0.1666666666666666,0.1666666666666666,0.1666666666666666,0.1666666666666666,15781
0,0,411.0,95.89393520355225,2252,3249,841,2965,3127,0.1666666666666666,0.1666666666666666,0.1666666666666666,0.1666666666666666,0.1666666666666666,0.1666666666666666,15928
0,0,411.0,96.76449751853944,2252,3249,841,2965,3127,0.1666666666666666,0.1666666666666666,0.1666666666666666,0.1666666666666666,0.1666666666666666,0.1666666666666666,16073
0,0,411.0,97.62275648117064,2252,3249,841,2965,3127,0.1666666666666666,0.1666666666666666,0.1666666666666666,0.1666666666666666,0.1666666666666666,0.1666666666666666,16218
0,0,519.0,98.47052359580994,2252,3226,868,2965,3127,0.1666666666666666,0.1666666666666666,0.1666666666666666,0.1666666666666666,0.1666666666666666,0.1666666666666666,16360
0,0,519.0,99.27269268035889,2252,2971,868,2965,3127,0.1666666666666666,0.1666666666666666,0.1666666666666666,0.1666666666666666,0.1666666666666666,0.1666666666666666,16504
0,0,519.0,100.12178945541382,2252,3226,868,2965,3127,0.1666666666666666,0.1666666666666666,0.1666666666666666,0.1666666666666666,0.1666666666666666,0.1666666666666666,16645
0,0,519.0,100.99343681335448,2252,3226,868,2965,3127,0.1666666666666666,0.1666666666666666,0.1666666666666666,0.1666666666666666,0.1666666666666666,0.1666666666666666,16792
0,0,283.0,9.878057956695557,2349,218,456,1769,2077,0.1666666666666666,0.1666666666666666,0.1666666666666666,0.1666666666666666,0.1666666666666666,0.1666666666666666,1692
0,0,519.0,101.84364676475523,2252,3226,868,2965,3127,0.1666666666666666,0.1666666666666666,0.1666666666666666,0.1666666666666666,0.1666666666666666,0.1666666666666666,16939
0,0,519.0,102.70809316635132,2252,3226,868,2965,3127,0.1666666666666666,0.1666666666666666,0.1666666666666666,0.1666666666666666,0.1666666666666666,0.1666666666666666,17085
0,0,519.0,103.58695340156557,2252,3226,868,2965,3127,0.1666666666666666,0.1666666666666666,0.1666666666666666,0.1666666666666666,0.1666666666666666,0.1666666666666666,17230
0,0,519.0,104.409832239151,2252,2071,868,2965,3127,0.1666666666666666,0.1666666666666666,0.1666666666666666,0.1666666666666666,0.1666666666666666,0.1666666666666666,17376
0,0,519.0,105.34311389923096,2252,3381,868,2965,3127,0.1666666666666666,0.1666666666666666,0.1666666666666666,0.1666666666666666,0.1666666666666666,0.1666666666666666,17521
0,0,519.0,106.20464158058168,2252,3381,868,2965,3127,0.1666666666666666,0.1666666666666666,0.1666666666666666,0.1666666666666666,0.1666666666666666,0.1666666666666666,17668
0,0,519.0,107.05984544754028,2252,3381,868,2965,3127,0.1666666666666666,0.1666666666666666,0.1666666666666666,0.1666666666666666,0.1666666666666666,0.1666666666666666,17815
0,0,519.0,107.90686583518982,2252,3381,868,2965,3127,0.1666666666666666,0.1666666666666666,0.1666666666666666,0.1666666666666666,0.1666666666666666,0.1666666666666666,17959
0,0,519.0,108.78220415115356,2252,3381,868,2965,3127,0.1666666666666666,0.1666666666666666,0.1666666666666666,0.1666666666666666,0.1666666666666666,0.1666666666666666,18107
0,0,519.0,109.61252403259276,2252,3520,868,2965,3127,0.1666666666666666,0.1666666666666666,0.1666666666666666,0.1666666666666666,0.1666666666666666,0.1666666666666666,18252
0,0,384.0,10.710915088653564,2349,171,2629,1797,1294,0.1666666666666666,0.1666666666666666,0.1666666666666666,0.1666666666666666,0.1666666666666666,0.1666666666666666,1837
0,0,519.0,110.45478057861328,2252,3381,868,2965,3127,0.1666666666666666,0.1666666666666666,0.1666666666666666,0.1666666666666666,0.1666666666666666,0.1666666666666666,18396
0,0,519.0,111.3414821624756,2252,3381,868,2965,3127,0.1666666666666666,0.1666666666666666,0.1666666666666666,0.1666666666666666,0.1666666666666666,0.1666666666666666,18541
0,0,519.0,112.23753190040588,2252,3381,868,2965,3127,0.1666666666666666,0.1666666666666666,0.1666666666666666,0.1666666666666666,0.1666666666666666,0.1666666666666666,18685
0,0,519.0,113.08917212486269,2252,3381,868,2965,3127,0.1666666666666666,0.1666666666666666,0.1666666666666666,0.1666666666666666,0.1666666666666666,0.1666666666666666,18832
0,0,519.0,113.95176672935486,2252,3381,868,2965,3127,0.1666666666666666,0.1666666666666666,0.1666666666666666,0.1666666666666666,0.1666666666666666,0.1666666666666666,18978
0,0,519.0,114.8529634475708,2252,3381,868,2965,3127,0.1666666666666666,0.1666666666666666,0.1666666666666666,0.1666666666666666,0.1666666666666666,0.1666666666666666,19129
0,0,519.0,115.70163345336914,2252,3381,868,2965,3127,0.1666666666666666,0.1666666666666666,0.1666666666666666,0.1666666666666666,0.1666666666666666,0.1666666666666666,19274
0,0,519.0,116.59266471862792,2252,3381,868,2965,3127,0.1666666666666666,0.1666666666666666,0.1666666666666666,0.1666666666666666,0.1666666666666666,0.1666666666666666,19419
0,0,519.0,117.4190957546234,2252,3381,868,2965,3127,0.1666666666666666,0.1666666666666666,0.1666666666666666,0.1666666666666666,0.1666666666666666,0.1666666666666666,19562
0,0,519.0,118.26520419120789,2252,3381,868,2965,3127,0.1666666666666666,0.1666666666666666,0.1666666666666666,0.1666666666666666,0.1666666666666666,0.1666666666666666,19703
0,0,384.0,11.586469173431396,2349,171,2629,1797,1294,0.1666666666666666,0.1666666666666666,0.1666666666666666,0.1666666666666666,0.1666666666666666,0.1666666666666666,1980
0,0,519.0,119.098468542099,2252,3381,868,2965,3127,0.1666666666666666,0.1666666666666666,0.1666666666666666,0.1666666666666666,0.1666666666666666,0.1666666666666666,19848
0,0,519.0,119.96153903007507,2252,3381,868,2965,3127,0.1666666666666666,0.1666666666666666,0.1666666666666666,0.1666666666666666,0.1666666666666666,0.1666666666666666,19990
0,0,519.0,120.84532690048218,2252,3381,868,2965,3127,0.1666666666666666,0.1666666666666666,0.1666666666666666,0.1666666666666666,0.1666666666666666,0.1666666666666666,20138
0,0,519.0,121.69094634056091,2252,3381,868,2965,3127,0.1666666666666666,0.1666666666666666,0.1666666666666666,0.1666666666666666,0.1666666666666666,0.1666666666666666,20283
0,0,519.0,122.58265256881714,2252,3381,868,2965,3127,0.1666666666666666,0.1666666666666666,0.1666666666666666,0.1666666666666666,0.1666666666666666,0.1666666666666666,20429
0,0,519.0,123.4128692150116,2252,3381,868,2965,3127,0.1666666666666666,0.1666666666666666,0.1666666666666666,0.1666666666666666,0.1666666666666666,0.1666666666666666,20574
0,0,519.0,124.28507947921752,2252,3381,868,2965,3127,0.1666666666666666,0.1666666666666666,0.1666666666666666,0.1666666666666666,0.1666666666666666,0.1666666666666666,20720
0,0,519.0,125.10308337211607,2252,3381,868,2965,3127,0.1666666666666666,0.1666666666666666,0.1666666666666666,0.1666666666666666,0.1666666666666666,0.1666666666666666,20865
0,0,519.0,126.00511455535889,2252,3381,868,2965,3127,0.1666666666666666,0.1666666666666666,0.1666666666666666,0.1666666666666666,0.1666666666666666,0.1666666666666666,21010
0,0,519.0,126.8382008075714,2252,3381,868,2965,3127,0.1666666666666666,0.1666666666666666,0.1666666666666666,0.1666666666666666,0.1666666666666666,0.1666666666666666,21156
0,0,384.0,12.507423877716064,2349,171,2629,1797,1294,0.1666666666666666,0.1666666666666666,0.1666666666666666,0.1666666666666666,0.1666666666666666,0.1666666666666666,2128
0,0,519.0,127.7090630531311,2252,3381,868,2965,3127,0.1666666666666666,0.1666666666666666,0.1666666666666666,0.1666666666666666,0.1666666666666666,0.1666666666666666,21302
0,0,519.0,128.57803964614868,2252,3381,868,2965,3127,0.1666666666666666,0.1666666666666666,0.1666666666666666,0.1666666666666666,0.1666666666666666,0.1666666666666666,21450
0,0,519.0,129.38390922546387,2252,3381,868,2965,3127,0.1666666666666666,0.1666666666666666,0.1666666666666666,0.1666666666666666,0.1666666666666666,0.1666666666666666,21590
0,0,519.0,130.24465250968933,2252,3381,868,2965,3127,0.1666666666666666,0.1666666666666666,0.1666666666666666,0.1666666666666666,0.1666666666666666,0.1666666666666666,21735
0,0,519.0,131.1335597038269,2252,3381,868,2965,3127,0.1666666666666666,0.1666666666666666,0.1666666666666666,0.1666666666666666,0.1666666666666666,0.1666666666666666,21881
0,0,519.0,132.03802871704102,2252,3381,868,2965,3127,0.1666666666666666,0.1666666666666666,0.1666666666666666,0.1666666666666666,0.1666666666666666,0.1666666666666666,22030
0,0,519.0,132.86502814292908,2252,3381,868,2965,3127,0.1666666666666666,0.1666666666666666,0.1666666666666666,0.1666666666666666,0.1666666666666666,0.1666666666666666,22176
0,0,519.0,133.74152517318726,2252,3381,868,2965,3127,0.1666666666666666,0.1666666666666666,0.1666666666666666,0.1666666666666666,0.1666666666666666,0.1666666666666666,22325
0,0,519.0,134.59792232513428,2252,3381,868,2965,3127,0.1666666666666666,0.1666666666666666,0.1666666666666666,0.1666666666666666,0.1666666666666666,0.1666666666666666,22472
0,0,519.0,135.50469255447388,2252,3381,868,2965,3127,0.1666666666666666,0.1666666666666666,0.1666666666666666,0.1666666666666666,0.1666666666666666,0.1666666666666666,22618
0,0,385.0,13.38399052619934,2349,1658,2528,2171,1294,0.1666666666666666,0.1666666666666666,0.1666666666666666,0.1666666666666666,0.1666666666666666,0.1666666666666666,2276
0,0,519.0,136.40021133422852,2252,3871,868,2965,3127,0.1666666666666666,0.1666666666666666,0.1666666666666666,0.1666666666666666,0.1666666666666666,0.1666666666666666,22763
0,0,519.0,137.23112654685974,2252,3381,868,2965,3127,0.1666666666666666,0.1666666666666666,0.1666666666666666,0.1666666666666666,0.1666666666666666,0.1666666666666666,22907
0,0,519.0,138.0866181850433,2252,3381,868,2965,3127,0.1666666666666666,0.1666666666666666,0.1666666666666666,0.1666666666666666,0.1666666666666666,0.1666666666666666,23052
0,0,519.0,138.95029592514038,2252,3381,868,2965,3127,0.1666666666666666,0.1666666666666666,0.1666666666666666,0.1666666666666666,0.1666666666666666,0.1666666666666666,23199
0,0,519.0,139.80343770980835,2252,3381,868,2965,3127,0.1666666666666666,0.1666666666666666,0.1666666666666666,0.1666666666666666,0.1666666666666666,0.1666666666666666,23341
0,0,519.0,140.6418251991272,2252,3381,868,2965,3127,0.1666666666666666,0.1666666666666666,0.1666666666666666,0.1666666666666666,0.1666666666666666,0.1666666666666666,23484
0,0,519.0,141.50731801986694,2252,3381,868,2965,3127,0.1666666666666666,0.1666666666666666,0.1666666666666666,0.1666666666666666,0.1666666666666666,0.1666666666666666,23627
0,0,519.0,142.32957649230957,2252,3381,868,2965,3127,0.1666666666666666,0.1666666666666666,0.1666666666666666,0.1666666666666666,0.1666666666666666,0.1666666666666666,23769
0,0,519.0,143.13076901435852,2252,3381,868,2965,3127,0.1666666666666666,0.1666666666666666,0.1666666666666666,0.1666666666666666,0.1666666666666666,0.1666666666666666,23915
0,0,519.0,143.96959042549133,2252,3064,868,2965,3127,0.1666666666666666,0.1666666666666666,0.1666666666666666,0.1666666666666666,0.1666666666666666,0.1666666666666666,24062
0,0,385.0,14.228930234909058,2349,1658,2528,2171,1294,0.1666666666666666,0.1666666666666666,0.1666666666666666,0.1666666666666666,0.1666666666666666,0.1666666666666666,2418
0,0,519.0,144.91509318351746,2252,3381,868,2965,3127,0.1666666666666666,0.1666666666666666,0.1666666666666666,0.1666666666666666,0.1666666666666666,0.1666666666666666,24209
0,0,519.0,145.75952744483948,2252,176,868,2965,3127,0.1666666666666666,0.1666666666666666,0.1666666666666666,0.1666666666666666,0.1666666666666666,0.1666666666666666,24355
0,0,519.0,146.5829484462738,2252,3219,868,2965,3127,0.1666666666666666,0.1666666666666666,0.1666666666666666,0.1666666666666666,0.1666666666666666,0.1666666666666666,24502
0,0,519.0,147.43079948425293,2252,3219,868,2965,3127,0.1666666666666666,0.1666666666666666,0.1666666666666666,0.1666666666666666,0.1666666666666666,0.1666666666666666,24648
0,0,519.0,148.27457880973816,2252,3219,868,2965,3127,0.1666666666666666,0.1666666666666666,0.1666666666666666,0.1666666666666666,0.1666666666666666,0.1666666666666666,24795
0,0,226.0,1.4721596240997314,2349,218,601,1854,2077,0.1666666666666666,0.1666666666666666,0.1666666666666666,0.1666666666666666,0.1666666666666666,0.1666666666666666,249
0,0,563.0,149.14360284805298,1742,3219,868,2965,3127,0.1666666666666666,0.1666666666666666,0.1666666666666666,0.1666666666666666,0.1666666666666666,0.1666666666666666,24942
0,0,563.0,149.9863464832306,1742,3219,868,2965,3127,0.1666666666666666,0.1666666666666666,0.1666666666666666,0.1666666666666666,0.1666666666666666,0.1666666666666666,25090
0,0,563.0,150.81645393371582,1742,3219,868,2965,3127,0.1666666666666666,0.1666666666666666,0.1666666666666666,0.1666666666666666,0.1666666666666666,0.1666666666666666,25235
0,0,563.0,151.6208620071411,1742,3219,868,2965,3127,0.1666666666666666,0.1666666666666666,0.1666666666666666,0.1666666666666666,0.1666666666666666,0.1666666666666666,25378
0,0,563.0,152.46072363853455,1742,3219,868,2965,3127,0.1666666666666666,0.1666666666666666,0.1666666666666666,0.1666666666666666,0.1666666666666666,0.1666666666666666,25526
0,0,385.0,15.094511032104492,2349,1658,2528,2171,1294,0.1666666666666666,0.1666666666666666,0.1666666666666666,0.1666666666666666,0.1666666666666666,0.1666666666666666,2564
0,0,563.0,153.2915186882019,1742,3219,868,2965,3127,0.1666666666666666,0.1666666666666666,0.1666666666666666,0.1666666666666666,0.1666666666666666,0.1666666666666666,25667
0,0,563.0,154.15577363967896,1742,3219,868,2965,3127,0.1666666666666666,0.1666666666666666,0.1666666666666666,0.1666666666666666,0.1666666666666666,0.1666666666666666,25813
0,0,563.0,154.997642993927,1742,3219,868,2965,3127,0.1666666666666666,0.1666666666666666,0.1666666666666666,0.1666666666666666,0.1666666666666666,0.1666666666666666,25958
0,0,563.0,155.86366772651672,1742,3042,868,2965,3127,0.1666666666666666,0.1666666666666666,0.1666666666666666,0.1666666666666666,0.1666666666666666,0.1666666666666666,26107
0,0,563.0,156.7183482646942,1742,3042,868,2965,3127,0.1666666666666666,0.1666666666666666,0.1666666666666666,0.1666666666666666,0.1666666666666666,0.1666666666666666,26251
0,0,563.0,157.55356669425964,1742,3042,868,2965,3127,0.1666666666666666,0.1666666666666666,0.1666666666666666,0.1666666666666666,0.1666666666666666,0.1666666666666666,26395
0,0,563.0,158.40203547477722,1742,3042,868,2965,3127,0.1666666666666666,0.1666666666666666,0.1666666666666666,0.1666666666666666,0.1666666666666666,0.1666666666666666,26542
0,0,563.0,159.20270133018494,1742,3042,868,2965,3127,0.1666666666666666,0.1666666666666666,0.1666666666666666,0.1666666666666666,0.1666666666666666,0.1666666666666666,26687
0,0,563.0,160.09990549087524,1742,3084,868,2965,3127,0.1666666666666666,0.1666666666666666,0.1666666666666666,0.1666666666666666,0.1666666666666666,0.1666666666666666,26834
0,0,563.0,160.93346548080444,1742,2932,868,2965,3127,0.1666666666666666,0.1666666666666666,0.1666666666666666,0.1666666666666666,0.1666666666666666,0.1666666666666666,26980
0,0,385.0,15.933594226837158,2349,1658,2528,2171,1294,0.1666666666666666,0.1666666666666666,0.1666666666666666,0.1666666666666666,0.1666666666666666,0.1666666666666666,2710
0,0,563.0,161.80095529556274,1742,3084,868,2965,3127,0.1666666666666666,0.1666666666666666,0.1666666666666666,0.1666666666666666,0.1666666666666666,0.1666666666666666,27124
0,0,563.0,162.69626474380493,1742,2932,868,2965,3127,0.1666666666666666,0.1666666666666666,0.1666666666666666,0.1666666666666666,0.1666666666666666,0.1666666666666666,27273
0,0,563.0,163.5596215724945,1742,2204,868,2965,3127,0.1666666666666666,0.1666666666666666,0.1666666666666666,0.1666666666666666,0.1666666666666666,0.1666666666666666,27422
0,0,563.0,164.4483871459961,1742,2204,868,2965,3127,0.1666666666666666,0.1666666666666666,0.1666666666666666,0.1666666666666666,0.1666666666666666,0.1666666666666666,27566
0,0,563.0,165.3024661540985,1742,2192,868,2965,3127,0.1666666666666666,0.1666666666666666,0.1666666666666666,0.1666666666666666,0.1666666666666666,0.1666666666666666,27713
0,0,563.0,166.15838742256165,1742,2410,868,2965,3127,0.1666666666666666,0.1666666666666666,0.1666666666666666,0.1666666666666666,0.1666666666666666,0.1666666666666666,27857
0,0,563.0,166.96299123764038,1742,2159,868,2965,3127,0.1666666666666666,0.1666666666666666,0.1666666666666666,0.1666666666666666,0.1666666666666666,0.1666666666666666,27995
0,0,563.0,167.79401230812073,1742,2224,868,2965,3127,0.1666666666666666,0.1666666666666666,0.1666666666666666,0.1666666666666666,0.1666666666666666,0.1666666666666666,28137
0,0,563.0,168.69494199752808,1742,2224,868,2965,3127,0.1666666666666666,0.1666666666666666,0.1666666666666666,0.1666666666666666,0.1666666666666666,0.1666666666666666,28285
0,0,563.0,169.56850934028623,1742,2224,868,2965,3127,0.1666666666666666,0.1666666666666666,0.1666666666666666,0.1666666666666666,0.1666666666666666,0.1666666666666666,28428
0,0,411.0,16.816184759140015,2252,1224,841,2965,3127,0.1666666666666666,0.1666666666666666,0.1666666666666666,0.1666666666666666,0.1666666666666666,0.1666666666666666,2857
0,0,563.0,170.44211268424988,1742,2224,868,2965,3127,0.1666666666666666,0.1666666666666666,0.1666666666666666,0.1666666666666666,0.1666666666666666,0.1666666666666666,28573
0,0,563.0,171.33187580108645,1742,2224,868,2965,3127,0.1666666666666666,0.1666666666666666,0.1666666666666666,0.1666666666666666,0.1666666666666666,0.1666666666666666,28720
0,0,563.0,172.19365644454956,1742,2224,868,2965,3127,0.1666666666666666,0.1666666666666666,0.1666666666666666,0.1666666666666666,0.1666666666666666,0.1666666666666666,28869
0,0,563.0,173.0519151687622,1742,2224,868,2965,3127,0.1666666666666666,0.1666666666666666,0.1666666666666666,0.1666666666666666,0.1666666666666666,0.1666666666666666,29014
0,0,563.0,173.90656995773315,1742,2224,868,2965,3127,0.1666666666666666,0.1666666666666666,0.1666666666666666,0.1666666666666666,0.1666666666666666,0.1666666666666666,29158
0,0,563.0,174.7478427886963,1742,2224,868,2965,3127,0.1666666666666666,0.1666666666666666,0.1666666666666666,0.1666666666666666,0.1666666666666666,0.1666666666666666,29304
0,0,563.0,175.60214352607727,1742,2224,868,2965,3127,0.1666666666666666,0.1666666666666666,0.1666666666666666,0.1666666666666666,0.1666666666666666,0.1666666666666666,29449
0,0,563.0,176.50039076805115,1742,2224,868,2965,3127,0.1666666666666666,0.1666666666666666,0.1666666666666666,0.1666666666666666,0.1666666666666666,0.1666666666666666,29596
0,0,563.0,177.37049961090088,1742,2224,868,2965,3127,0.1666666666666666,0.1666666666666666,0.1666666666666666,0.1666666666666666,0.1666666666666666,0.1666666666666666,29738
0,0,563.0,178.2158019542694,1742,2224,868,2965,3127,0.1666666666666666,0.1666666666666666,0.1666666666666666,0.1666666666666666,0.1666666666666666,0.1666666666666666,29880
0,0,563.0,179.08012700080872,1742,2224,868,2965,3127,0.1666666666666666,0.1666666666666666,0.1666666666666666,0.1666666666666666,0.1666666666666666,0.1666666666666666,30026
0,0,411.0,17.694788932800293,2252,1224,841,2965,3127,0.1666666666666666,0.1666666666666666,0.1666666666666666,0.1666666666666666,0.1666666666666666,0.1666666666666666,3007
0,0,563.0,179.9651424884796,1742,2224,868,2965,3127,0.1666666666666666,0.1666666666666666,0.1666666666666666,0.1666666666666666,0.1666666666666666,0.1666666666666666,30173
0,0,563.0,180.83971571922305,1742,2224,868,2965,3127,0.1666666666666666,0.1666666666666666,0.1666666666666666,0.1666666666666666,0.1666666666666666,0.1666666666666666,30320
0,0,563.0,181.6796581745148,1742,2224,868,2965,3127,0.1666666666666666,0.1666666666666666,0.1666666666666666,0.1666666666666666,0.1666666666666666,0.1666666666666666,30466
0,0,563.0,182.5182678699493,1742,2224,868,2965,3127,0.1666666666666666,0.1666666666666666,0.1666666666666666,0.1666666666666666,0.1666666666666666,0.1666666666666666,30610
0,0,563.0,183.3753786087036,1742,2224,868,2965,3127,0.1666666666666666,0.1666666666666666,0.1666666666666666,0.1666666666666666,0.1666666666666666,0.1666666666666666,30754
0,0,563.0,184.20266032218933,1742,2224,868,2965,3127,0.1666666666666666,0.1666666666666666,0.1666666666666666,0.1666666666666666,0.1666666666666666,0.1666666666666666,30897
0,0,563.0,185.07680130004883,1742,2224,868,2965,3127,0.1666666666666666,0.1666666666666666,0.1666666666666666,0.1666666666666666,0.1666666666666666,0.1666666666666666,31042
0,0,563.0,185.9232866764069,1742,2224,868,2965,3127,0.1666666666666666,0.1666666666666666,0.1666666666666666,0.1666666666666666,0.1666666666666666,0.1666666666666666,31185
0,0,563.0,186.8104054927826,1742,2224,868,2965,3127,0.1666666666666666,0.1666666666666666,0.1666666666666666,0.1666666666666666,0.1666666666666666,0.1666666666666666,31334
0,0,563.0,187.6900260448456,1742,2224,868,2965,3127,0.1666666666666666,0.1666666666666666,0.1666666666666666,0.1666666666666666,0.1666666666666666,0.1666666666666666,31480
0,0,411.0,18.54482698440552,2252,1224,841,2965,3127,0.1666666666666666,0.1666666666666666,0.1666666666666666,0.1666666666666666,0.1666666666666666,0.1666666666666666,3153
0,0,563.0,188.5332708358765,1742,2224,868,2965,3127,0.1666666666666666,0.1666666666666666,0.1666666666666666,0.1666666666666666,0.1666666666666666,0.1666666666666666,31622
0,0,563.0,189.37679767608645,1742,2224,868,2965,3127,0.1666666666666666,0.1666666666666666,0.1666666666666666,0.1666666666666666,0.1666666666666666,0.1666666666666666,31765
0,0,563.0,190.262348651886,1742,2224,868,2965,3127,0.1666666666666666,0.1666666666666666,0.1666666666666666,0.1666666666666666,0.1666666666666666,0.1666666666666666,31910
0,0,563.0,191.16154861450195,1742,2224,868,2965,3127,0.1666666666666666,0.1666666666666666,0.1666666666666666,0.1666666666666666,0.1666666666666666,0.1666666666666666,32058
0,0,563.0,192.0442249774933,1742,2224,868,2965,3127,0.1666666666666666,0.1666666666666666,0.1666666666666666,0.1666666666666666,0.1666666666666666,0.1666666666666666,32203
0,0,563.0,192.9095993041992,1742,2224,868,2965,3127,0.1666666666666666,0.1666666666666666,0.1666666666666666,0.1666666666666666,0.1666666666666666,0.1666666666666666,32350
0,0,563.0,193.74421739578247,1742,2224,868,2965,3127,0.1666666666666666,0.1666666666666666,0.1666666666666666,0.1666666666666666,0.1666666666666666,0.1666666666666666,32493
0,0,563.0,194.58836793899536,1742,2224,868,2965,3127,0.1666666666666666,0.1666666666666666,0.1666666666666666,0.1666666666666666,0.1666666666666666,0.1666666666666666,32640
0,0,563.0,195.44887351989743,1742,2224,868,2965,3127,0.1666666666666666,0.1666666666666666,0.1666666666666666,0.1666666666666666,0.1666666666666666,0.1666666666666666,32785
0,0,563.0,196.30711102485657,1742,2224,868,2965,3127,0.1666666666666666,0.1666666666666666,0.1666666666666666,0.1666666666666666,0.1666666666666666,0.1666666666666666,32929
0,0,411.0,19.43459534645081,2252,1224,841,2965,3127,0.1666666666666666,0.1666666666666666,0.1666666666666666,0.1666666666666666,0.1666666666666666,0.1666666666666666,3296
0,0,563.0,197.1427037715912,1742,2224,868,2965,3127,0.1666666666666666,0.1666666666666666,0.1666666666666666,0.1666666666666666,0.1666666666666666,0.1666666666666666,33078
0,0,565.0,198.0270447731018,1742,3568,868,2965,3127,0.1666666666666666,0.1666666666666666,0.1666666666666666,0.1666666666666666,0.1666666666666666,0.1666666666666666,33225
0,0,565.0,198.8712022304535,1742,3568,868,2965,3127,0.1666666666666666,0.1666666666666666,0.1666666666666666,0.1666666666666666,0.1666666666666666,0.1666666666666666,33368
0,0,565.0,199.7242531776428,1742,3568,868,2965,3127,0.1666666666666666,0.1666666666666666,0.1666666666666666,0.1666666666666666,0.1666666666666666,0.1666666666666666,33510
0,0,565.0,200.54232668876648,1742,3568,868,2965,3127,0.1666666666666666,0.1666666666666666,0.1666666666666666,0.1666666666666666,0.1666666666666666,0.1666666666666666,33657
0,0,565.0,201.3945815563202,1742,3568,868,2965,3127,0.1666666666666666,0.1666666666666666,0.1666666666666666,0.1666666666666666,0.1666666666666666,0.1666666666666666,33806
0,0,565.0,202.23725581169128,1742,3568,868,2965,3127,0.1666666666666666,0.1666666666666666,0.1666666666666666,0.1666666666666666,0.1666666666666666,0.1666666666666666,33949
0,0,565.0,203.07033443450928,1742,3568,868,2965,3127,0.1666666666666666,0.1666666666666666,0.1666666666666666,0.1666666666666666,0.1666666666666666,0.1666666666666666,34091
0,0,566.0,203.87960624694824,1742,3412,868,2965,2014,0.1666666666666666,0.1666666666666666,0.1666666666666666,0.1666666666666666,0.1666666666666666,0.1666666666666666,34232
0,0,566.0,204.7270355224609,1742,3412,868,2965,2014,0.1666666666666666,0.1666666666666666,0.1666666666666666,0.1666666666666666,0.1666666666666666,0.1666666666666666,34376
0,0,411.0,20.34388399124145,2252,1224,841,2965,3127,0.1666666666666666,0.1666666666666666,0.1666666666666666,0.1666666666666666,0.1666666666666666,0.1666666666666666,3444
0,0,566.0,205.5813798904419,1742,3412,868,2965,2014,0.1666666666666666,0.1666666666666666,0.1666666666666666,0.1666666666666666,0.1666666666666666,0.1666666666666666,34520
0,0,566.0,206.40062046051025,1742,3412,868,2965,2014,0.1666666666666666,0.1666666666666666,0.1666666666666666,0.1666666666666666,0.1666666666666666,0.1666666666666666,34665
0,0,566.0,207.2185287475586,1742,3412,868,2965,2014,0.1666666666666666,0.1666666666666666,0.1666666666666666,0.1666666666666666,0.1666666666666666,0.1666666666666666,34806
0,0,566.0,208.1128761768341,1742,3412,868,2965,2014,0.1666666666666666,0.1666666666666666,0.1666666666666666,0.1666666666666666,0.1666666666666666,0.1666666666666666,34952
0,0,566.0,208.93294525146484,1742,3412,868,2965,2014,0.1666666666666666,0.1666666666666666,0.1666666666666666,0.1666666666666666,0.1666666666666666,0.1666666666666666,35095
0,0,566.0,209.7960283756256,1742,3412,868,2965,2014,0.1666666666666666,0.1666666666666666,0.1666666666666666,0.1666666666666666,0.1666666666666666,0.1666666666666666,35239
0,0,566.0,210.64820647239685,1742,3412,868,2965,2014,0.1666666666666666,0.1666666666666666,0.1666666666666666,0.1666666666666666,0.1666666666666666,0.1666666666666666,35386
0,0,566.0,211.4499452114105,1742,3412,868,2965,2014,0.1666666666666666,0.1666666666666666,0.1666666666666666,0.1666666666666666,0.1666666666666666,0.1666666666666666,35530
0,0,566.0,212.30022883415225,1742,3412,868,2965,2014,0.1666666666666666,0.1666666666666666,0.1666666666666666,0.1666666666666666,0.1666666666666666,0.1666666666666666,35674
0,0,566.0,213.18700671195984,1742,3412,868,2965,2014,0.1666666666666666,0.1666666666666666,0.1666666666666666,0.1666666666666666,0.1666666666666666,0.1666666666666666,35818
0,0,411.0,21.19788932800293,2252,1411,841,2965,3127,0.1666666666666666,0.1666666666666666,0.1666666666666666,0.1666666666666666,0.1666666666666666,0.1666666666666666,3588
0,0,566.0,214.0184395313263,1742,3412,868,2965,2014,0.1666666666666666,0.1666666666666666,0.1666666666666666,0.1666666666666666,0.1666666666666666,0.1666666666666666,35960
0,0,566.0,214.84037113189697,1742,3412,868,2965,2014,0.1666666666666666,0.1666666666666666,0.1666666666666666,0.1666666666666666,0.1666666666666666,0.1666666666666666,36102
0,0,566.0,215.69738030433652,1742,3412,868,2965,2014,0.1666666666666666,0.1666666666666666,0.1666666666666666,0.1666666666666666,0.1666666666666666,0.1666666666666666,36247
0,0,566.0,216.55135297775269,1742,3412,868,2965,2014,0.1666666666666666,0.1666666666666666,0.1666666666666666,0.1666666666666666,0.1666666666666666,0.1666666666666666,36393
0,0,566.0,217.42997574806213,1742,3412,868,2965,2014,0.1666666666666666,0.1666666666666666,0.1666666666666666,0.1666666666666666,0.1666666666666666,0.1666666666666666,36540
0,0,566.0,218.27124166488647,1742,3412,868,2965,2014,0.1666666666666666,0.1666666666666666,0.1666666666666666,0.1666666666666666,0.1666666666666666,0.1666666666666666,36687
0,0,566.0,219.14908456802368,1742,3412,868,2965,2014,0.1666666666666666,0.1666666666666666,0.1666666666666666,0.1666666666666666,0.1666666666666666,0.1666666666666666,36834
0,0,566.0,219.98676776885983,1742,3412,868,2965,2014,0.1666666666666666,0.1666666666666666,0.1666666666666666,0.1666666666666666,0.1666666666666666,0.1666666666666666,36979
0,0,566.0,220.8850350379944,1742,3412,868,2965,2014,0.1666666666666666,0.1666666666666666,0.1666666666666666,0.1666666666666666,0.1666666666666666,0.1666666666666666,37126
0,0,566.0,221.7241728305817,1742,3412,868,2965,2014,0.1666666666666666,0.1666666666666666,0.1666666666666666,0.1666666666666666,0.1666666666666666,0.1666666666666666,37273
0,0,411.0,22.08819890022278,2252,1411,841,2965,3127,0.1666666666666666,0.1666666666666666,0.1666666666666666,0.1666666666666666,0.1666666666666666,0.1666666666666666,3732
0,0,566.0,222.60259437561035,1742,3412,868,2965,2014,0.1666666666666666,0.1666666666666666,0.1666666666666666,0.1666666666666666,0.1666666666666666,0.1666666666666666,37418
0,0,566.0,223.5433189868927,1742,3412,868,2965,2014,0.1666666666666666,0.1666666666666666,0.1666666666666666,0.1666666666666666,0.1666666666666666,0.1666666666666666,37562
0,0,566.0,224.37797904014587,1742,3412,868,2965,2014,0.1666666666666666,0.1666666666666666,0.1666666666666666,0.1666666666666666,0.1666666666666666,0.1666666666666666,37708
0,0,566.0,225.24352359771729,1742,3412,868,2965,2014,0.1666666666666666,0.1666666666666666,0.1666666666666666,0.1666666666666666,0.1666666666666666,0.1666666666666666,37856
0,0,566.0,226.12088346481323,1742,3412,868,2965,2014,0.1666666666666666,0.1666666666666666,0.1666666666666666,0.1666666666666666,0.1666666666666666,0.1666666666666666,38003
0,0,566.0,226.9817304611206,1742,3412,868,2965,2014,0.1666666666666666,0.1666666666666666,0.1666666666666666,0.1666666666666666,0.1666666666666666,0.1666666666666666,38149
0,0,566.0,227.85830926895144,1742,3412,868,2965,2014,0.1666666666666666,0.1666666666666666,0.1666666666666666,0.1666666666666666,0.1666666666666666,0.1666666666666666,38299
0,0,566.0,228.7404761314392,1742,3412,868,2965,2014,0.1666666666666666,0.1666666666666666,0.1666666666666666,0.1666666666666666,0.1666666666666666,0.1666666666666666,38443
0,0,566.0,229.62258505821228,1742,3412,868,2965,2014,0.1666666666666666,0.1666666666666666,0.1666666666666666,0.1666666666666666,0.1666666666666666,0.1666666666666666,38590
0,0,566.0,230.48569345474243,1742,3412,868,2965,2014,0.1666666666666666,0.1666666666666666,0.1666666666666666,0.1666666666666666,0.1666666666666666,0.1666666666666666,38736
0,0,411.0,22.946616888046265,2252,1411,841,2965,3127,0.1666666666666666,0.1666666666666666,0.1666666666666666,0.1666666666666666,0.1666666666666666,0.1666666666666666,3881
0,0,566.0,231.303288936615,1742,3412,868,2965,2014,0.1666666666666666,0.1666666666666666,0.1666666666666666,0.1666666666666666,0.1666666666666666,0.1666666666666666,38875
0,0,226.0,2.283787727355957,2349,218,601,1854,2077,0.1666666666666666,0.1666666666666666,0.1666666666666666,0.1666666666666666,0.1666666666666666,0.1666666666666666,390
0,0,566.0,232.17217755317688,1742,3412,868,2965,2014,0.1666666666666666,0.1666666666666666,0.1666666666666666,0.1666666666666666,0.1666666666666666,0.1666666666666666,39023
0,0,566.0,233.00723481178284,1742,3412,868,2965,2014,0.1666666666666666,0.1666666666666666,0.1666666666666666,0.1666666666666666,0.1666666666666666,0.1666666666666666,39165
0,0,566.0,233.86630821228027,1742,3412,868,2965,2014,0.1666666666666666,0.1666666666666666,0.1666666666666666,0.1666666666666666,0.1666666666666666,0.1666666666666666,39314
0,0,566.0,234.7213447093964,1742,3412,868,2965,2014,0.1666666666666666,0.1666666666666666,0.1666666666666666,0.1666666666666666,0.1666666666666666,0.1666666666666666,39458
0,0,566.0,235.5606701374054,1742,3412,868,2965,2014,0.1666666666666666,0.1666666666666666,0.1666666666666666,0.1666666666666666,0.1666666666666666,0.1666666666666666,39598
0,0,566.0,236.3889946937561,1742,3412,868,2965,2014,0.1666666666666666,0.1666666666666666,0.1666666666666666,0.1666666666666666,0.1666666666666666,0.1666666666666666,39741
0,0,566.0,237.3432340621948,1742,3412,868,2965,2014,0.1666666666666666,0.1666666666666666,0.1666666666666666,0.1666666666666666,0.1666666666666666,0.1666666666666666,39888
0,0,566.0,238.2016544342041,1742,3412,868,2965,2014,0.1666666666666666,0.1666666666666666,0.1666666666666666,0.1666666666666666,0.1666666666666666,0.1666666666666666,40037
0,0,566.0,239.0312271118164,1742,3412,868,2965,2014,0.1666666666666666,0.1666666666666666,0.1666666666666666,0.1666666666666666,0.1666666666666666,0.1666666666666666,40179
0,0,411.0,23.80902409553528,2252,1411,841,2965,3127,0.1666666666666666,0.1666666666666666,0.1666666666666666,0.1666666666666666,0.1666666666666666,0.1666666666666666,4026
0,0,566.0,239.89720368385315,1742,3412,868,2965,2014,0.1666666666666666,0.1666666666666666,0.1666666666666666,0.1666666666666666,0.1666666666666666,0.1666666666666666,40325
0,0,566.0,240.6925551891327,1742,3412,868,2965,2014,0.1666666666666666,0.1666666666666666,0.1666666666666666,0.1666666666666666,0.1666666666666666,0.1666666666666666,40466
0,0,566.0,241.5578866004944,1742,3412,868,2965,2014,0.1666666666666666,0.1666666666666666,0.1666666666666666,0.1666666666666666,0.1666666666666666,0.1666666666666666,40613
0,0,566.0,242.40958309173584,1742,3412,868,2965,2014,0.1666666666666666,0.1666666666666666,0.1666666666666666,0.1666666666666666,0.1666666666666666,0.1666666666666666,40756
0,0,566.0,243.2657854557037,1742,3412,868,2965,2014,0.1666666666666666,0.1666666666666666,0.1666666666666666,0.1666666666666666,0.1666666666666666,0.1666666666666666,40901
0,0,566.0,244.1070778369904,1742,3412,868,2965,2014,0.1666666666666666,0.1666666666666666,0.1666666666666666,0.1666666666666666,0.1666666666666666,0.1666666666666666,41037
0,0,566.0,244.93639707565308,1742,3412,868,2965,2014,0.1666666666666666,0.1666666666666666,0.1666666666666666,0.1666666666666666,0.1666666666666666,0.1666666666666666,41182
0,0,566.0,245.81811594963077,1742,3412,868,2965,2014,0.1666666666666666,0.1666666666666666,0.1666666666666666,0.1666666666666666,0.1666666666666666,0.1666666666666666,41330
0,0,566.0,246.67793941497803,1742,3412,868,2965,2014,0.1666666666666666,0.1666666666666666,0.1666666666666666,0.1666666666666666,0.1666666666666666,0.1666666666666666,41474
0,0,566.0,247.5356204509735,1742,3412,868,2965,2014,0.1666666666666666,0.1666666666666666,0.1666666666666666,0.1666666666666666,0.1666666666666666,0.1666666666666666,41615
0,0,411.0,24.65876936912537,2252,1411,841,2965,3127,0.1666666666666666,0.1666666666666666,0.1666666666666666,0.1666666666666666,0.1666666666666666,0.1666666666666666,4170
0,0,566.0,248.4171769618988,1742,3412,868,2965,2014,0.1666666666666666,0.1666666666666666,0.1666666666666666,0.1666666666666666,0.1666666666666666,0.1666666666666666,41763
0,0,566.0,249.3210430145264,1742,3412,868,2965,2014,0.1666666666666666,0.1666666666666666,0.1666666666666666,0.1666666666666666,0.1666666666666666,0.1666666666666666,41912
0,0,566.0,250.2235221862793,1742,3412,868,2965,2014,0.1666666666666666,0.1666666666666666,0.1666666666666666,0.1666666666666666,0.1666666666666666,0.1666666666666666,42057
0,0,566.0,251.066490650177,1742,3412,868,2965,2014,0.1666666666666666,0.1666666666666666,0.1666666666666666,0.1666666666666666,0.1666666666666666,0.1666666666666666,42204
0,0,566.0,251.9336130619049,1742,3412,868,2965,2014,0.1666666666666666,0.1666666666666666,0.1666666666666666,0.1666666666666666,0.1666666666666666,0.1666666666666666,42346
0,0,566.0,252.81916189193728,1742,3412,868,2965,2014,0.1666666666666666,0.1666666666666666,0.1666666666666666,0.1666666666666666,0.1666666666666666,0.1666666666666666,42492
0,0,566.0,253.67236518859863,1742,3412,868,2965,2014,0.1666666666666666,0.1666666666666666,0.1666666666666666,0.1666666666666666,0.1666666666666666,0.1666666666666666,42636
0,0,566.0,254.54535913467407,1742,3412,868,2965,2014,0.1666666666666666,0.1666666666666666,0.1666666666666666,0.1666666666666666,0.1666666666666666,0.1666666666666666,42783
0,0,566.0,255.34351348876956,1742,3412,868,2965,2014,0.1666666666666666,0.1666666666666666,0.1666666666666666,0.1666666666666666,0.1666666666666666,0.1666666666666666,42922
0,0,566.0,256.1963713169098,1742,3412,868,2965,2014,0.1666666666666666,0.1666666666666666,0.1666666666666666,0.1666666666666666,0.1666666666666666,0.1666666666666666,43064
0,0,411.0,25.54869818687439,2252,1411,841,2965,3127,0.1666666666666666,0.1666666666666666,0.1666666666666666,0.1666666666666666,0.1666666666666666,0.1666666666666666,4316
0,0,566.0,257.03820633888245,1742,3412,868,2965,2014,0.1666666666666666,0.1666666666666666,0.1666666666666666,0.1666666666666666,0.1666666666666666,0.1666666666666666,43210
0,0,566.0,257.88820338249207,1742,3412,868,2965,2014,0.1666666666666666,0.1666666666666666,0.1666666666666666,0.1666666666666666,0.1666666666666666,0.1666666666666666,43353
0,0,566.0,258.74018263816833,1742,3412,868,2965,2014,0.1666666666666666,0.1666666666666666,0.1666666666666666,0.1666666666666666,0.1666666666666666,0.1666666666666666,43499
0,0,566.0,259.57490706443787,1742,3412,868,2965,2014,0.1666666666666666,0.1666666666666666,0.1666666666666666,0.1666666666666666,0.1666666666666666,0.1666666666666666,43643
0,0,566.0,260.4863986968994,1742,3412,868,2965,2014,0.1666666666666666,0.1666666666666666,0.1666666666666666,0.1666666666666666,0.1666666666666666,0.1666666666666666,43789
0,0,566.0,261.34668135643005,1742,3412,868,2965,2014,0.1666666666666666,0.1666666666666666,0.1666666666666666,0.1666666666666666,0.1666666666666666,0.1666666666666666,43934
0,0,566.0,262.21386313438416,1742,3412,868,2965,2014,0.1666666666666666,0.1666666666666666,0.1666666666666666,0.1666666666666666,0.1666666666666666,0.1666666666666666,44081
0,0,566.0,263.04704117774963,1742,3412,868,2965,2014,0.1666666666666666,0.1666666666666666,0.1666666666666666,0.1666666666666666,0.1666666666666666,0.1666666666666666,44224
0,0,566.0,263.92579436302185,1742,3412,868,2965,2014,0.1666666666666666,0.1666666666666666,0.1666666666666666,0.1666666666666666,0.1666666666666666,0.1666666666666666,44372
0,0,566.0,264.7889096736908,1742,3412,868,2965,2014,0.1666666666666666,0.1666666666666666,0.1666666666666666,0.1666666666666666,0.1666666666666666,0.1666666666666666,44517
0,0,411.0,26.40869355201721,2252,1411,841,2965,3127,0.1666666666666666,0.1666666666666666,0.1666666666666666,0.1666666666666666,0.1666666666666666,0.1666666666666666,4460
0,0,566.0,265.642719745636,1742,3412,868,2965,2014,0.1666666666666666,0.1666666666666666,0.1666666666666666,0.1666666666666666,0.1666666666666666,0.1666666666666666,44662
0,0,566.0,266.4858837127685,1742,3412,868,2965,2014,0.1666666666666666,0.1666666666666666,0.1666666666666666,0.1666666666666666,0.1666666666666666,0.1666666666666666,44807
0,0,566.0,267.3724522590637,1742,3412,868,2965,2014,0.1666666666666666,0.1666666666666666,0.1666666666666666,0.1666666666666666,0.1666666666666666,0.1666666666666666,44950
0,0,566.0,268.25600814819336,1742,3412,868,2965,2014,0.1666666666666666,0.1666666666666666,0.1666666666666666,0.1666666666666666,0.1666666666666666,0.1666666666666666,45096
0,0,566.0,269.1271862983704,1742,3412,868,2965,2014,0.1666666666666666,0.1666666666666666,0.1666666666666666,0.1666666666666666,0.1666666666666666,0.1666666666666666,45244
0,0,566.0,269.9910750389099,1742,3412,868,2965,2014,0.1666666666666666,0.1666666666666666,0.1666666666666666,0.1666666666666666,0.1666666666666666,0.1666666666666666,45387
0,0,566.0,270.8626973628998,1742,3412,868,2965,2014,0.1666666666666666,0.1666666666666666,0.1666666666666666,0.1666666666666666,0.1666666666666666,0.1666666666666666,45533
0,0,566.0,271.7362570762634,1742,3412,868,2965,2014,0.1666666666666666,0.1666666666666666,0.1666666666666666,0.1666666666666666,0.1666666666666666,0.1666666666666666,45678
0,0,566.0,272.63092255592346,1742,3412,868,2965,2014,0.1666666666666666,0.1666666666666666,0.1666666666666666,0.1666666666666666,0.1666666666666666,0.1666666666666666,45823
0,0,566.0,273.48021030426025,1742,3412,868,2965,2014,0.1666666666666666,0.1666666666666666,0.1666666666666666,0.1666666666666666,0.1666666666666666,0.1666666666666666,45969
0,0,411.0,27.25700187683105,2252,1411,841,2965,3127,0.1666666666666666,0.1666666666666666,0.1666666666666666,0.1666666666666666,0.1666666666666666,0.1666666666666666,4606
0,0,566.0,274.34545516967773,1742,3412,868,2965,2014,0.1666666666666666,0.1666666666666666,0.1666666666666666,0.1666666666666666,0.1666666666666666,0.1666666666666666,46113
0,0,566.0,275.2012400627136,1742,3412,868,2965,2014,0.1666666666666666,0.1666666666666666,0.1666666666666666,0.1666666666666666,0.1666666666666666,0.1666666666666666,46257
0,0,566.0,276.038937330246,1742,3412,868,2965,2014,0.1666666666666666,0.1666666666666666,0.1666666666666666,0.1666666666666666,0.1666666666666666,0.1666666666666666,46401
0,0,566.0,276.89150738716125,1742,3412,868,2965,2014,0.1666666666666666,0.1666666666666666,0.1666666666666666,0.1666666666666666,0.1666666666666666,0.1666666666666666,46547
0,0,566.0,277.7388687133789,1742,3412,868,2965,2014,0.1666666666666666,0.1666666666666666,0.1666666666666666,0.1666666666666666,0.1666666666666666,0.1666666666666666,46691
0,0,566.0,278.5871307849884,1742,3412,868,2965,2014,0.1666666666666666,0.1666666666666666,0.1666666666666666,0.1666666666666666,0.1666666666666666,0.1666666666666666,46837
0,0,566.0,279.440952539444,1742,3412,868,2965,2014,0.1666666666666666,0.1666666666666666,0.1666666666666666,0.1666666666666666,0.1666666666666666,0.1666666666666666,46983
0,0,566.0,280.2781538963318,1742,3412,868,2965,2014,0.1666666666666666,0.1666666666666666,0.1666666666666666,0.1666666666666666,0.1666666666666666,0.1666666666666666,47127
0,0,566.0,281.1692998409271,1742,3412,868,2965,2014,0.1666666666666666,0.1666666666666666,0.1666666666666666,0.1666666666666666,0.1666666666666666,0.1666666666666666,47273
0,0,566.0,281.9878189563751,1742,3412,868,2965,2014,0.1666666666666666,0.1666666666666666,0.1666666666666666,0.1666666666666666,0.1666666666666666,0.1666666666666666,47414
0,0,411.0,28.087750673294067,2252,1411,841,2965,3127,0.1666666666666666,0.1666666666666666,0.1666666666666666,0.1666666666666666,0.1666666666666666,0.1666666666666666,4752
0,0,566.0,282.7998263835907,1742,3412,868,2965,2014,0.1666666666666666,0.1666666666666666,0.1666666666666666,0.1666666666666666,0.1666666666666666,0.1666666666666666,47558
0,0,566.0,283.6551094055176,1742,3412,868,2965,2014,0.1666666666666666,0.1666666666666666,0.1666666666666666,0.1666666666666666,0.1666666666666666,0.1666666666666666,47699
0,0,566.0,284.5441267490387,1742,3412,868,2965,2014,0.1666666666666666,0.1666666666666666,0.1666666666666666,0.1666666666666666,0.1666666666666666,0.1666666666666666,47844
0,0,566.0,285.37275433540344,1742,3412,868,2965,2014,0.1666666666666666,0.1666666666666666,0.1666666666666666,0.1666666666666666,0.1666666666666666,0.1666666666666666,47987
0,0,566.0,286.2078619003296,1742,3412,868,2965,2014,0.1666666666666666,0.1666666666666666,0.1666666666666666,0.1666666666666666,0.1666666666666666,0.1666666666666666,48131
0,0,566.0,287.0994522571564,1742,3412,868,2965,2014,0.1666666666666666,0.1666666666666666,0.1666666666666666,0.1666666666666666,0.1666666666666666,0.1666666666666666,48280
0,0,566.0,287.9652020931244,1742,3412,868,2965,2014,0.1666666666666666,0.1666666666666666,0.1666666666666666,0.1666666666666666,0.1666666666666666,0.1666666666666666,48424
0,0,566.0,288.8016347885132,1742,3412,868,2965,2014,0.1666666666666666,0.1666666666666666,0.1666666666666666,0.1666666666666666,0.1666666666666666,0.1666666666666666,48569
0,0,566.0,289.6278064250946,1742,3412,868,2965,2014,0.1666666666666666,0.1666666666666666,0.1666666666666666,0.1666666666666666,0.1666666666666666,0.1666666666666666,48713
0,0,566.0,290.4929049015045,1742,3412,868,2965,2014,0.1666666666666666,0.1666666666666666,0.1666666666666666,0.1666666666666666,0.1666666666666666,0.1666666666666666,48857
0,0,411.0,28.925443172454838,2252,1411,841,2965,3127,0.1666666666666666,0.1666666666666666,0.1666666666666666,0.1666666666666666,0.1666666666666666,0.1666666666666666,4895
0,0,566.0,291.35815262794495,1742,3412,868,2965,2014,0.1666666666666666,0.1666666666666666,0.1666666666666666,0.1666666666666666,0.1666666666666666,0.1666666666666666,49003
0,0,566.0,292.2008512020111,1742,3412,868,2965,2014,0.1666666666666666,0.1666666666666666,0.1666666666666666,0.1666666666666666,0.1666666666666666,0.1666666666666666,49150
0,0,566.0,293.0509514808655,1742,3412,868,2965,2014,0.1666666666666666,0.1666666666666666,0.1666666666666666,0.1666666666666666,0.1666666666666666,0.1666666666666666,49293
0,0,566.0,293.8737494945526,1742,3412,868,2965,2014,0.1666666666666666,0.1666666666666666,0.1666666666666666,0.1666666666666666,0.1666666666666666,0.1666666666666666,49435
0,0,566.0,294.77377486228943,1742,3412,868,2965,2014,0.1666666666666666,0.1666666666666666,0.1666666666666666,0.1666666666666666,0.1666666666666666,0.1666666666666666,49582
0,0,566.0,295.65882110595703,1742,3412,868,2965,2014,0.1666666666666666,0.1666666666666666,0.1666666666666666,0.1666666666666666,0.1666666666666666,0.1666666666666666,49725
0,0,566.0,296.5162515640259,1742,3412,868,2965,2014,0.1666666666666666,0.1666666666666666,0.1666666666666666,0.1666666666666666,0.1666666666666666,0.1666666666666666,49869
0,0,566.0,297.36212730407715,1742,3412,868,2965,2014,0.1666666666666666,0.1666666666666666,0.1666666666666666,0.1666666666666666,0.1666666666666666,0.1666666666666666,50011
0,0,566.0,298.20424461364746,1742,3412,868,2965,2014,0.1666666666666666,0.1666666666666666,0.1666666666666666,0.1666666666666666,0.1666666666666666,0.1666666666666666,50154
0,0,566.0,299.12317538261414,1742,3412,868,2965,2014,0.1666666666666666,0.1666666666666666,0.1666666666666666,0.1666666666666666,0.1666666666666666,0.1666666666666666,50300
0,0,411.0,29.787780284881592,2252,1411,841,2965,3127,0.1666666666666666,0.1666666666666666,0.1666666666666666,0.1666666666666666,0.1666666666666666,0.1666666666666666,5042
0,0,566.0,299.96305418014526,1742,3412,868,2965,2014,0.1666666666666666,0.1666666666666666,0.1666666666666666,0.1666666666666666,0.1666666666666666,0.1666666666666666,50444
0,0,566.0,300.7969298362732,1742,3412,868,2965,2014,0.1666666666666666,0.1666666666666666,0.1666666666666666,0.1666666666666666,0.1666666666666666,0.1666666666666666,50586
0,0,566.0,301.62935280799866,1742,3412,868,2965,2014,0.1666666666666666,0.1666666666666666,0.1666666666666666,0.1666666666666666,0.1666666666666666,0.1666666666666666,50735
0,0,566.0,302.5144844055176,1742,3412,868,2965,2014,0.1666666666666666,0.1666666666666666,0.1666666666666666,0.1666666666666666,0.1666666666666666,0.1666666666666666,50879
0,0,566.0,303.3626310825348,1742,3412,868,2965,2014,0.1666666666666666,0.1666666666666666,0.1666666666666666,0.1666666666666666,0.1666666666666666,0.1666666666666666,51022
0,0,566.0,304.2061264514923,1742,3412,868,2965,2014,0.1666666666666666,0.1666666666666666,0.1666666666666666,0.1666666666666666,0.1666666666666666,0.1666666666666666,51165
0,0,566.0,305.0747284889221,1742,3412,868,2965,2014,0.1666666666666666,0.1666666666666666,0.1666666666666666,0.1666666666666666,0.1666666666666666,0.1666666666666666,51310
0,0,566.0,305.9529497623444,1742,3412,868,2965,2014,0.1666666666666666,0.1666666666666666,0.1666666666666666,0.1666666666666666,0.1666666666666666,0.1666666666666666,51458
0,0,566.0,306.8297779560089,1742,3412,868,2965,2014,0.1666666666666666,0.1666666666666666,0.1666666666666666,0.1666666666666666,0.1666666666666666,0.1666666666666666,51602
0,0,566.0,307.68493580818176,1742,3412,868,2965,2014,0.1666666666666666,0.1666666666666666,0.1666666666666666,0.1666666666666666,0.1666666666666666,0.1666666666666666,51750
0,0,411.0,30.6396963596344,2252,1411,841,2965,3127,0.1666666666666666,0.1666666666666666,0.1666666666666666,0.1666666666666666,0.1666666666666666,0.1666666666666666,5183
0,0,566.0,308.56259274482727,1742,3412,868,2965,2014,0.1666666666666666,0.1666666666666666,0.1666666666666666,0.1666666666666666,0.1666666666666666,0.1666666666666666,51894
0,0,566.0,309.4437065124512,1742,3412,868,2965,2014,0.1666666666666666,0.1666666666666666,0.1666666666666666,0.1666666666666666,0.1666666666666666,0.1666666666666666,52041
0,0,566.0,310.29106760025024,1742,3412,868,2965,2014,0.1666666666666666,0.1666666666666666,0.1666666666666666,0.1666666666666666,0.1666666666666666,0.1666666666666666,52185
0,0,566.0,311.1888220310211,1742,3412,868,2965,2014,0.1666666666666666,0.1666666666666666,0.1666666666666666,0.1666666666666666,0.1666666666666666,0.1666666666666666,52329
0,0,566.0,312.0707013607025,1742,3412,868,2965,2014,0.1666666666666666,0.1666666666666666,0.1666666666666666,0.1666666666666666,0.1666666666666666,0.1666666666666666,52477
0,0,566.0,312.941912651062,1742,3412,868,2965,2014,0.1666666666666666,0.1666666666666666,0.1666666666666666,0.1666666666666666,0.1666666666666666,0.1666666666666666,52624
0,0,566.0,313.78872442245483,1742,3412,868,2965,2014,0.1666666666666666,0.1666666666666666,0.1666666666666666,0.1666666666666666,0.1666666666666666,0.1666666666666666,52771
0,0,566.0,314.6859531402588,1742,3412,868,2965,2014,0.1666666666666666,0.1666666666666666,0.1666666666666666,0.1666666666666666,0.1666666666666666,0.1666666666666666,52919
0,0,566.0,315.5585095882416,1742,3412,868,2965,2014,0.1666666666666666,0.1666666666666666,0.1666666666666666,0.1666666666666666,0.1666666666666666,0.1666666666666666,53066
0,0,566.0,316.4019787311554,1742,3412,868,2965,2014,0.1666666666666666,0.1666666666666666,0.1666666666666666,0.1666666666666666,0.1666666666666666,0.1666666666666666,53213
0,0,411.0,31.51287531852722,2252,1411,841,2965,3127,0.1666666666666666,0.1666666666666666,0.1666666666666666,0.1666666666666666,0.1666666666666666,0.1666666666666666,5329
0,0,283.0,3.115565776824951,2349,218,456,1854,2077,0.1666666666666666,0.1666666666666666,0.1666666666666666,0.1666666666666666,0.1666666666666666,0.1666666666666666,533
0,0,566.0,317.22927474975586,1742,3412,868,2965,2014,0.1666666666666666,0.1666666666666666,0.1666666666666666,0.1666666666666666,0.1666666666666666,0.1666666666666666,53355
0,0,566.0,318.09617924690247,1742,3412,868,2965,2014,0.1666666666666666,0.1666666666666666,0.1666666666666666,0.1666666666666666,0.1666666666666666,0.1666666666666666,53501
0,0,566.0,318.9351489543915,1742,3412,868,2965,2014,0.1666666666666666,0.1666666666666666,0.1666666666666666,0.1666666666666666,0.1666666666666666,0.1666666666666666,53642
0,0,566.0,319.79533863067627,1742,3412,868,2965,2014,0.1666666666666666,0.1666666666666666,0.1666666666666666,0.1666666666666666,0.1666666666666666,0.1666666666666666,53788
0,0,566.0,320.6586649417877,1742,3412,868,2965,2014,0.1666666666666666,0.1666666666666666,0.1666666666666666,0.1666666666666666,0.1666666666666666,0.1666666666666666,53930
0,0,566.0,321.4573919773102,1742,3412,868,2965,2014,0.1666666666666666,0.1666666666666666,0.1666666666666666,0.1666666666666666,0.1666666666666666,0.1666666666666666,54070
0,0,566.0,322.3118393421173,1742,3412,868,2965,2014,0.1666666666666666,0.1666666666666666,0.1666666666666666,0.1666666666666666,0.1666666666666666,0.1666666666666666,54213
0,0,566.0,323.1626543998718,1742,3412,868,2965,2014,0.1666666666666666,0.1666666666666666,0.1666666666666666,0.1666666666666666,0.1666666666666666,0.1666666666666666,54362
0,0,566.0,324.0249080657959,1742,3412,868,2965,2014,0.1666666666666666,0.1666666666666666,0.1666666666666666,0.1666666666666666,0.1666666666666666,0.1666666666666666,54505
0,0,566.0,324.9188768863678,1742,3412,868,2965,2014,0.1666666666666666,0.1666666666666666,0.1666666666666666,0.1666666666666666,0.1666666666666666,0.1666666666666666,54653
0,0,411.0,32.38641357421875,2252,1411,841,2965,3127,0.1666666666666666,0.1666666666666666,0.1666666666666666,0.1666666666666666,0.1666666666666666,0.1666666666666666,5474
0,0,566.0,325.759459733963,1742,3412,868,2965,2014,0.1666666666666666,0.1666666666666666,0.1666666666666666,0.1666666666666666,0.1666666666666666,0.1666666666666666,54796
0,0,566.0,326.66643500328064,1742,3412,868,2965,2014,0.1666666666666666,0.1666666666666666,0.1666666666666666,0.1666666666666666,0.1666666666666666,0.1666666666666666,54943
0,0,566.0,327.48971581459045,1742,3412,868,2965,2014,0.1666666666666666,0.1666666666666666,0.1666666666666666,0.1666666666666666,0.1666666666666666,0.1666666666666666,55085
0,0,566.0,328.3468041419983,1742,3412,868,2965,2014,0.1666666666666666,0.1666666666666666,0.1666666666666666,0.1666666666666666,0.1666666666666666,0.1666666666666666,55232
0,0,566.0,329.21143913269043,1742,3412,868,2965,2014,0.1666666666666666,0.1666666666666666,0.1666666666666666,0.1666666666666666,0.1666666666666666,0.1666666666666666,55378
0,0,566.0,330.0732204914093,1742,3412,868,2965,2014,0.1666666666666666,0.1666666666666666,0.1666666666666666,0.1666666666666666,0.1666666666666666,0.1666666666666666,55520
0,0,566.0,330.932071685791,1742,3412,868,2965,2014,0.1666666666666666,0.1666666666666666,0.1666666666666666,0.1666666666666666,0.1666666666666666,0.1666666666666666,55665
0,0,566.0,331.81046891212463,1742,3412,868,2965,2014,0.1666666666666666,0.1666666666666666,0.1666666666666666,0.1666666666666666,0.1666666666666666,0.1666666666666666,55811
0,0,566.0,332.7216320037842,1742,3412,868,2965,2014,0.1666666666666666,0.1666666666666666,0.1666666666666666,0.1666666666666666,0.1666666666666666,0.1666666666666666,55956
0,0,566.0,333.559184551239,1742,3412,868,2965,2014,0.1666666666666666,0.1666666666666666,0.1666666666666666,0.1666666666666666,0.1666666666666666,0.1666666666666666,56100
0,0,411.0,33.24790453910828,2252,1411,841,2965,3127,0.1666666666666666,0.1666666666666666,0.1666666666666666,0.1666666666666666,0.1666666666666666,0.1666666666666666,5619
0,0,566.0,334.4072289466858,1742,3412,868,2965,2014,0.1666666666666666,0.1666666666666666,0.1666666666666666,0.1666666666666666,0.1666666666666666,0.1666666666666666,56246
0,0,566.0,335.2979927062988,1742,3412,868,2965,2014,0.1666666666666666,0.1666666666666666,0.1666666666666666,0.1666666666666666,0.1666666666666666,0.1666666666666666,56394
0,0,566.0,336.157999753952,1742,3412,868,2965,2014,0.1666666666666666,0.1666666666666666,0.1666666666666666,0.1666666666666666,0.1666666666666666,0.1666666666666666,56539
0,0,566.0,337.03902649879456,1742,3412,868,2965,2014,0.1666666666666666,0.1666666666666666,0.1666666666666666,0.1666666666666666,0.1666666666666666,0.1666666666666666,56687
0,0,566.0,337.91221833229065,1742,3412,868,2965,2014,0.1666666666666666,0.1666666666666666,0.1666666666666666,0.1666666666666666,0.1666666666666666,0.1666666666666666,56834
0,0,566.0,338.79652094841003,1742,3412,868,2965,2014,0.1666666666666666,0.1666666666666666,0.1666666666666666,0.1666666666666666,0.1666666666666666,0.1666666666666666,56982
0,0,566.0,339.71177220344543,1742,3412,868,2965,2014,0.1666666666666666,0.1666666666666666,0.1666666666666666,0.1666666666666666,0.1666666666666666,0.1666666666666666,57132
0,0,566.0,340.591242313385,1742,3412,868,2965,2014,0.1666666666666666,0.1666666666666666,0.1666666666666666,0.1666666666666666,0.1666666666666666,0.1666666666666666,57281
0,0,566.0,341.42240285873413,1742,3412,868,2965,2014,0.1666666666666666,0.1666666666666666,0.1666666666666666,0.1666666666666666,0.1666666666666666,0.1666666666666666,57424
0,0,566.0,342.2948770523072,1742,3412,868,2965,2014,0.1666666666666666,0.1666666666666666,0.1666666666666666,0.1666666666666666,0.1666666666666666,0.1666666666666666,57569
0,0,411.0,34.160414695739746,2252,1411,841,2965,3127,0.1666666666666666,0.1666666666666666,0.1666666666666666,0.1666666666666666,0.1666666666666666,0.1666666666666666,5767
0,0,566.0,343.1566467285156,1742,3412,868,2965,2014,0.1666666666666666,0.1666666666666666,0.1666666666666666,0.1666666666666666,0.1666666666666666,0.1666666666666666,57716
0,0,566.0,344.06024146080017,1742,3412,868,2965,2014,0.1666666666666666,0.1666666666666666,0.1666666666666666,0.1666666666666666,0.1666666666666666,0.1666666666666666,57861
0,0,566.0,344.94191551208496,1742,3412,868,2965,2014,0.1666666666666666,0.1666666666666666,0.1666666666666666,0.1666666666666666,0.1666666666666666,0.1666666666666666,58010
0,0,566.0,345.8535850048065,1742,3412,868,2965,2014,0.1666666666666666,0.1666666666666666,0.1666666666666666,0.1666666666666666,0.1666666666666666,0.1666666666666666,58152
0,0,566.0,346.6850326061249,1742,3412,868,2965,2014,0.1666666666666666,0.1666666666666666,0.1666666666666666,0.1666666666666666,0.1666666666666666,0.1666666666666666,58294
0,0,566.0,347.5236830711365,1742,3412,868,2965,2014,0.1666666666666666,0.1666666666666666,0.1666666666666666,0.1666666666666666,0.1666666666666666,0.1666666666666666,58437
0,0,566.0,348.39441657066345,1742,3412,868,2965,2014,0.1666666666666666,0.1666666666666666,0.1666666666666666,0.1666666666666666,0.1666666666666666,0.1666666666666666,58577
0,0,566.0,349.3002700805664,1742,3412,868,2965,2014,0.1666666666666666,0.1666666666666666,0.1666666666666666,0.1666666666666666,0.1666666666666666,0.1666666666666666,58725
0,0,566.0,350.1355104446411,1742,3412,868,2965,2014,0.1666666666666666,0.1666666666666666,0.1666666666666666,0.1666666666666666,0.1666666666666666,0.1666666666666666,58864
0,0,566.0,351.0014657974243,1742,3412,868,2965,2014,0.1666666666666666,0.1666666666666666,0.1666666666666666,0.1666666666666666,0.1666666666666666,0.1666666666666666,59014
0,0,411.0,34.987661838531494,2252,1411,841,2965,3127,0.1666666666666666,0.1666666666666666,0.1666666666666666,0.1666666666666666,0.1666666666666666,0.1666666666666666,5911
0,0,566.0,351.8545038700104,1742,3412,868,2965,2014,0.1666666666666666,0.1666666666666666,0.1666666666666666,0.1666666666666666,0.1666666666666666,0.1666666666666666,59159
0,0,566.0,352.7419023513794,1742,3412,868,2965,2014,0.1666666666666666,0.1666666666666666,0.1666666666666666,0.1666666666666666,0.1666666666666666,0.1666666666666666,59306
0,0,566.0,353.6083810329437,1742,3412,868,2965,2014,0.1666666666666666,0.1666666666666666,0.1666666666666666,0.1666666666666666,0.1666666666666666,0.1666666666666666,59447
0,0,566.0,354.4465641975403,1742,3412,868,2965,2014,0.1666666666666666,0.1666666666666666,0.1666666666666666,0.1666666666666666,0.1666666666666666,0.1666666666666666,59593
0,0,566.0,355.2938520908356,1742,3412,868,2965,2014,0.1666666666666666,0.1666666666666666,0.1666666666666666,0.1666666666666666,0.1666666666666666,0.1666666666666666,59733
0,0,566.0,356.13124561309814,1742,3412,868,2965,2014,0.1666666666666666,0.1666666666666666,0.1666666666666666,0.1666666666666666,0.1666666666666666,0.1666666666666666,59874
0,0,566.0,356.9752004146576,1742,3412,868,2965,2014,0.1666666666666666,0.1666666666666666,0.1666666666666666,0.1666666666666666,0.1666666666666666,0.1666666666666666,60019
0,0,566.0,357.84251260757446,1742,3412,868,2965,2014,0.1666666666666666,0.1666666666666666,0.1666666666666666,0.1666666666666666,0.1666666666666666,0.1666666666666666,60165
0,0,566.0,358.7826430797577,1742,3412,868,2965,2014,0.1666666666666666,0.1666666666666666,0.1666666666666666,0.1666666666666666,0.1666666666666666,0.1666666666666666,60314
0,0,566.0,359.6717143058777,1742,3412,868,2965,2014,0.1666666666666666,0.1666666666666666,0.1666666666666666,0.1666666666666666,0.1666666666666666,0.1666666666666666,60460
0,0,411.0,35.87385559082031,2252,1411,841,2965,3127,0.1666666666666666,0.1666666666666666,0.1666666666666666,0.1666666666666666,0.1666666666666666,0.1666666666666666,6055
0,0,566.0,360.5089530944824,1742,3412,868,2965,2014,0.1666666666666666,0.1666666666666666,0.1666666666666666,0.1666666666666666,0.1666666666666666,0.1666666666666666,60603
0,0,566.0,361.418940782547,1742,3412,868,2965,2014,0.1666666666666666,0.1666666666666666,0.1666666666666666,0.1666666666666666,0.1666666666666666,0.1666666666666666,60750
0,0,566.0,362.2545530796051,1742,3412,868,2965,2014,0.1666666666666666,0.1666666666666666,0.1666666666666666,0.1666666666666666,0.1666666666666666,0.1666666666666666,60893
0,0,566.0,363.1634809970856,1742,3412,868,2965,2014,0.1666666666666666,0.1666666666666666,0.1666666666666666,0.1666666666666666,0.1666666666666666,0.1666666666666666,61040
0,0,566.0,363.9966762065888,1742,3412,868,2965,2014,0.1666666666666666,0.1666666666666666,0.1666666666666666,0.1666666666666666,0.1666666666666666,0.1666666666666666,61184
0,0,566.0,364.8691821098328,1742,3412,868,2965,2014,0.1666666666666666,0.1666666666666666,0.1666666666666666,0.1666666666666666,0.1666666666666666,0.1666666666666666,61332
0,0,566.0,365.71445965766907,1742,3412,868,2965,2014,0.1666666666666666,0.1666666666666666,0.1666666666666666,0.1666666666666666,0.1666666666666666,0.1666666666666666,61477
0,0,566.0,366.57985830307007,1742,3412,868,2965,2014,0.1666666666666666,0.1666666666666666,0.1666666666666666,0.1666666666666666,0.1666666666666666,0.1666666666666666,61623
0,0,566.0,367.4104194641113,1742,3412,868,2965,2014,0.1666666666666666,0.1666666666666666,0.1666666666666666,0.1666666666666666,0.1666666666666666,0.1666666666666666,61766
0,0,566.0,368.2751431465149,1742,3412,868,2965,2014,0.1666666666666666,0.1666666666666666,0.1666666666666666,0.1666666666666666,0.1666666666666666,0.1666666666666666,61908
0,0,411.0,36.69425916671753,2252,1411,841,2965,3127,0.1666666666666666,0.1666666666666666,0.1666666666666666,0.1666666666666666,0.1666666666666666,0.1666666666666666,6198
0,0,566.0,369.147130727768,1742,3412,868,2965,2014,0.1666666666666666,0.1666666666666666,0.1666666666666666,0.1666666666666666,0.1666666666666666,0.1666666666666666,62052
0,0,566.0,370.00058698654175,1742,3412,868,2965,2014,0.1666666666666666,0.1666666666666666,0.1666666666666666,0.1666666666666666,0.1666666666666666,0.1666666666666666,62196
0,0,566.0,370.855838060379,1742,3412,868,2965,2014,0.1666666666666666,0.1666666666666666,0.1666666666666666,0.1666666666666666,0.1666666666666666,0.1666666666666666,62346
0,0,566.0,371.7146682739258,1742,3412,868,2965,2014,0.1666666666666666,0.1666666666666666,0.1666666666666666,0.1666666666666666,0.1666666666666666,0.1666666666666666,62490
0,0,566.0,372.55618596076965,1742,3412,868,2965,2014,0.1666666666666666,0.1666666666666666,0.1666666666666666,0.1666666666666666,0.1666666666666666,0.1666666666666666,62639
0,0,566.0,373.4937274456024,1742,3412,868,2965,2014,0.1666666666666666,0.1666666666666666,0.1666666666666666,0.1666666666666666,0.1666666666666666,0.1666666666666666,62787
0,0,566.0,374.35057973861694,1742,3412,868,2965,2014,0.1666666666666666,0.1666666666666666,0.1666666666666666,0.1666666666666666,0.1666666666666666,0.1666666666666666,62935
0,0,566.0,375.2662034034729,1742,3412,868,2965,2014,0.1666666666666666,0.1666666666666666,0.1666666666666666,0.1666666666666666,0.1666666666666666,0.1666666666666666,63081
0,0,566.0,376.07201170921326,1742,3412,868,2965,2014,0.1666666666666666,0.1666666666666666,0.1666666666666666,0.1666666666666666,0.1666666666666666,0.1666666666666666,63222
0,0,566.0,376.9384274482727,1742,3412,868,2965,2014,0.1666666666666666,0.1666666666666666,0.1666666666666666,0.1666666666666666,0.1666666666666666,0.1666666666666666,63365
0,0,411.0,37.54756546020508,2252,1411,841,2965,3127,0.1666666666666666,0.1666666666666666,0.1666666666666666,0.1666666666666666,0.1666666666666666,0.1666666666666666,6344
0,0,566.0,377.83396220207214,1742,3412,868,2965,2014,0.1666666666666666,0.1666666666666666,0.1666666666666666,0.1666666666666666,0.1666666666666666,0.1666666666666666,63509
0,0,566.0,378.66814827919006,1742,3412,868,2965,2014,0.1666666666666666,0.1666666666666666,0.1666666666666666,0.1666666666666666,0.1666666666666666,0.1666666666666666,63647
0,0,566.0,379.5376980304718,1742,3412,868,2965,2014,0.1666666666666666,0.1666666666666666,0.1666666666666666,0.1666666666666666,0.1666666666666666,0.1666666666666666,63793
0,0,566.0,380.4132182598114,1742,3412,868,2965,2014,0.1666666666666666,0.1666666666666666,0.1666666666666666,0.1666666666666666,0.1666666666666666,0.1666666666666666,63939
0,0,566.0,381.260617017746,1742,3412,868,2965,2014,0.1666666666666666,0.1666666666666666,0.1666666666666666,0.1666666666666666,0.1666666666666666,0.1666666666666666,64083
0,0,566.0,382.0836441516876,1742,3412,868,2965,2014,0.1666666666666666,0.1666666666666666,0.1666666666666666,0.1666666666666666,0.1666666666666666,0.1666666666666666,64225
0,0,566.0,382.9145209789276,1742,3412,868,2965,2014,0.1666666666666666,0.1666666666666666,0.1666666666666666,0.1666666666666666,0.1666666666666666,0.1666666666666666,64370
0,0,566.0,383.7699368000031,1742,3412,868,2965,2014,0.1666666666666666,0.1666666666666666,0.1666666666666666,0.1666666666666666,0.1666666666666666,0.1666666666666666,64515
0,0,566.0,384.6026563644409,1742,3412,868,2965,2014,0.1666666666666666,0.1666666666666666,0.1666666666666666,0.1666666666666666,0.1666666666666666,0.1666666666666666,64659
0,0,566.0,385.48509407043457,1742,3412,868,2965,2014,0.1666666666666666,0.1666666666666666,0.1666666666666666,0.1666666666666666,0.1666666666666666,0.1666666666666666,64802
0,0,411.0,38.409278869628906,2252,1411,841,2965,3127,0.1666666666666666,0.1666666666666666,0.1666666666666666,0.1666666666666666,0.1666666666666666,0.1666666666666666,6490
0,0,566.0,386.3661670684815,1742,3412,868,2965,2014,0.1666666666666666,0.1666666666666666,0.1666666666666666,0.1666666666666666,0.1666666666666666,0.1666666666666666,64948
0,0,566.0,387.2249524593353,1742,3412,868,2965,2014,0.1666666666666666,0.1666666666666666,0.1666666666666666,0.1666666666666666,0.1666666666666666,0.1666666666666666,65093
0,0,566.0,388.1231169700623,1742,3412,868,2965,2014,0.1666666666666666,0.1666666666666666,0.1666666666666666,0.1666666666666666,0.1666666666666666,0.1666666666666666,65238
0,0,566.0,388.9928040504456,1742,3412,868,2965,2014,0.1666666666666666,0.1666666666666666,0.1666666666666666,0.1666666666666666,0.1666666666666666,0.1666666666666666,65382
0,0,566.0,389.8397169113159,1742,3412,868,2965,2014,0.1666666666666666,0.1666666666666666,0.1666666666666666,0.1666666666666666,0.1666666666666666,0.1666666666666666,65527
0,0,566.0,390.6685395240784,1742,3412,868,2965,2014,0.1666666666666666,0.1666666666666666,0.1666666666666666,0.1666666666666666,0.1666666666666666,0.1666666666666666,65668
0,0,566.0,391.5239505767822,1742,3412,868,2965,2014,0.1666666666666666,0.1666666666666666,0.1666666666666666,0.1666666666666666,0.1666666666666666,0.1666666666666666,65813
0,0,566.0,392.3846464157105,1742,3412,868,2965,2014,0.1666666666666666,0.1666666666666666,0.1666666666666666,0.1666666666666666,0.1666666666666666,0.1666666666666666,65960
0,0,566.0,393.2574634552002,1742,3412,868,2965,2014,0.1666666666666666,0.1666666666666666,0.1666666666666666,0.1666666666666666,0.1666666666666666,0.1666666666666666,66104
0,0,566.0,394.1117117404938,1742,3412,868,2965,2014,0.1666666666666666,0.1666666666666666,0.1666666666666666,0.1666666666666666,0.1666666666666666,0.1666666666666666,66251
0,0,411.0,39.27076172828674,2252,1411,841,2965,3127,0.1666666666666666,0.1666666666666666,0.1666666666666666,0.1666666666666666,0.1666666666666666,0.1666666666666666,6634
0,0,566.0,395.0096063613892,1742,3412,868,2965,2014,0.1666666666666666,0.1666666666666666,0.1666666666666666,0.1666666666666666,0.1666666666666666,0.1666666666666666,66398
0,0,566.0,395.8778927326202,1742,3412,868,2965,2014,0.1666666666666666,0.1666666666666666,0.1666666666666666,0.1666666666666666,0.1666666666666666,0.1666666666666666,66540
0,0,566.0,396.7605128288269,1742,3412,868,2965,2014,0.1666666666666666,0.1666666666666666,0.1666666666666666,0.1666666666666666,0.1666666666666666,0.1666666666666666,66685
0,0,566.0,397.6509521007538,1742,3412,868,2965,2014,0.1666666666666666,0.1666666666666666,0.1666666666666666,0.1666666666666666,0.1666666666666666,0.1666666666666666,66830
0,0,566.0,398.5043489933014,1742,3412,868,2965,2014,0.1666666666666666,0.1666666666666666,0.1666666666666666,0.1666666666666666,0.1666666666666666,0.1666666666666666,66974
0,0,566.0,399.3996813297272,1742,3412,868,2965,2014,0.1666666666666666,0.1666666666666666,0.1666666666666666,0.1666666666666666,0.1666666666666666,0.1666666666666666,67125
0,0,566.0,400.2917513847351,1742,3412,868,2965,2014,0.1666666666666666,0.1666666666666666,0.1666666666666666,0.1666666666666666,0.1666666666666666,0.1666666666666666,67271
0,0,566.0,401.2298970222473,1742,3412,868,2965,2014,0.1666666666666666,0.1666666666666666,0.1666666666666666,0.1666666666666666,0.1666666666666666,0.1666666666666666,67419
0,0,566.0,402.09660148620605,1742,3412,868,2965,2014,0.1666666666666666,0.1666666666666666,0.1666666666666666,0.1666666666666666,0.1666666666666666,0.1666666666666666,67569
0,0,283.0,3.9501953125,2349,218,456,1769,2077,0.1666666666666666,0.1666666666666666,0.1666666666666666,0.1666666666666666,0.1666666666666666,0.1666666666666666,676
0,0,566.0,402.9413456916809,1742,3412,868,2965,2014,0.1666666666666666,0.1666666666666666,0.1666666666666666,0.1666666666666666,0.1666666666666666,0.1666666666666666,67716
0,0,411.0,40.10199594497681,2252,1411,841,2965,3127,0.1666666666666666,0.1666666666666666,0.1666666666666666,0.1666666666666666,0.1666666666666666,0.1666666666666666,6777
0,0,566.0,403.8465118408203,1742,3412,868,2965,2014,0.1666666666666666,0.1666666666666666,0.1666666666666666,0.1666666666666666,0.1666666666666666,0.1666666666666666,67862
0,0,566.0,404.6635713577271,1742,3412,868,2965,2014,0.1666666666666666,0.1666666666666666,0.1666666666666666,0.1666666666666666,0.1666666666666666,0.1666666666666666,68007
0,0,566.0,405.529212474823,1742,3412,868,2965,2014,0.1666666666666666,0.1666666666666666,0.1666666666666666,0.1666666666666666,0.1666666666666666,0.1666666666666666,68154
0,0,566.0,406.3783450126648,1742,3412,868,2965,2014,0.1666666666666666,0.1666666666666666,0.1666666666666666,0.1666666666666666,0.1666666666666666,0.1666666666666666,68302
0,0,566.0,407.2644188404083,1742,3412,868,2965,2014,0.1666666666666666,0.1666666666666666,0.1666666666666666,0.1666666666666666,0.1666666666666666,0.1666666666666666,68446
0,0,566.0,408.08099579811096,1742,3412,868,2965,2014,0.1666666666666666,0.1666666666666666,0.1666666666666666,0.1666666666666666,0.1666666666666666,0.1666666666666666,68588
0,0,566.0,408.948472738266,1742,3412,868,2965,2014,0.1666666666666666,0.1666666666666666,0.1666666666666666,0.1666666666666666,0.1666666666666666,0.1666666666666666,68733
0,0,566.0,409.77477860450745,1742,3412,868,2965,2014,0.1666666666666666,0.1666666666666666,0.1666666666666666,0.1666666666666666,0.1666666666666666,0.1666666666666666,68876
0,0,566.0,410.6898708343506,1742,3412,868,2965,2014,0.1666666666666666,0.1666666666666666,0.1666666666666666,0.1666666666666666,0.1666666666666666,0.1666666666666666,69024
0,0,566.0,411.54607915878296,1742,3412,868,2965,2014,0.1666666666666666,0.1666666666666666,0.1666666666666666,0.1666666666666666,0.1666666666666666,0.1666666666666666,69167
0,0,411.0,40.933324575424194,2252,1411,841,2965,3127,0.1666666666666666,0.1666666666666666,0.1666666666666666,0.1666666666666666,0.1666666666666666,0.1666666666666666,6920
0,0,566.0,412.4349272251129,1742,3412,868,2965,2014,0.1666666666666666,0.1666666666666666,0.1666666666666666,0.1666666666666666,0.1666666666666666,0.1666666666666666,69312
0,0,566.0,413.3273379802704,1742,3412,868,2965,2014,0.1666666666666666,0.1666666666666666,0.1666666666666666,0.1666666666666666,0.1666666666666666,0.1666666666666666,69460
0,0,566.0,414.198007106781,1742,3412,868,2965,2014,0.1666666666666666,0.1666666666666666,0.1666666666666666,0.1666666666666666,0.1666666666666666,0.1666666666666666,69604
0,0,566.0,415.0696325302124,1742,3412,868,2965,2014,0.1666666666666666,0.1666666666666666,0.1666666666666666,0.1666666666666666,0.1666666666666666,0.1666666666666666,69745
0,0,566.0,415.92707443237305,1742,3412,868,2965,2014,0.1666666666666666,0.1666666666666666,0.1666666666666666,0.1666666666666666,0.1666666666666666,0.1666666666666666,69895
0,0,566.0,416.8446090221405,1742,3412,868,2965,2014,0.1666666666666666,0.1666666666666666,0.1666666666666666,0.1666666666666666,0.1666666666666666,0.1666666666666666,70041
0,0,566.0,417.7086925506592,1742,3412,868,2965,2014,0.1666666666666666,0.1666666666666666,0.1666666666666666,0.1666666666666666,0.1666666666666666,0.1666666666666666,70181
0,0,566.0,418.5832676887512,1742,3412,868,2965,2014,0.1666666666666666,0.1666666666666666,0.1666666666666666,0.1666666666666666,0.1666666666666666,0.1666666666666666,70327
0,0,566.0,419.4581341743469,1742,3412,868,2965,2014,0.1666666666666666,0.1666666666666666,0.1666666666666666,0.1666666666666666,0.1666666666666666,0.1666666666666666,70470
0,0,411.0,41.78033137321472,2252,1411,841,2965,3127,0.1666666666666666,0.1666666666666666,0.1666666666666666,0.1666666666666666,0.1666666666666666,0.1666666666666666,7060
0,0,566.0,420.3395264148712,1742,3412,868,2965,2014,0.1666666666666666,0.1666666666666666,0.1666666666666666,0.1666666666666666,0.1666666666666666,0.1666666666666666,70617
0,0,566.0,421.1699984073639,1742,3412,868,2965,2014,0.1666666666666666,0.1666666666666666,0.1666666666666666,0.1666666666666666,0.1666666666666666,0.1666666666666666,70756
0,0,566.0,422.057674407959,1742,3412,868,2965,2014,0.1666666666666666,0.1666666666666666,0.1666666666666666,0.1666666666666666,0.1666666666666666,0.1666666666666666,70905
0,0,566.0,422.9519102573395,1742,3412,868,2965,2014,0.1666666666666666,0.1666666666666666,0.1666666666666666,0.1666666666666666,0.1666666666666666,0.1666666666666666,71048
0,0,566.0,423.8242194652557,1742,3412,868,2965,2014,0.1666666666666666,0.1666666666666666,0.1666666666666666,0.1666666666666666,0.1666666666666666,0.1666666666666666,71190
0,0,566.0,424.6569924354553,1742,3412,868,2965,2014,0.1666666666666666,0.1666666666666666,0.1666666666666666,0.1666666666666666,0.1666666666666666,0.1666666666666666,71332
0,0,566.0,425.5504360198975,1742,3412,868,2965,2014,0.1666666666666666,0.1666666666666666,0.1666666666666666,0.1666666666666666,0.1666666666666666,0.1666666666666666,71480
0,0,566.0,426.4862344264984,1742,3412,868,2965,2014,0.1666666666666666,0.1666666666666666,0.1666666666666666,0.1666666666666666,0.1666666666666666,0.1666666666666666,71625
0,0,566.0,427.3723123073578,1742,3412,868,2965,2014,0.1666666666666666,0.1666666666666666,0.1666666666666666,0.1666666666666666,0.1666666666666666,0.1666666666666666,71770
0,0,566.0,428.2274196147919,1742,3412,868,2965,2014,0.1666666666666666,0.1666666666666666,0.1666666666666666,0.1666666666666666,0.1666666666666666,0.1666666666666666,71914
0,0,566.0,429.094007730484,1742,3412,868,2965,2014,0.1666666666666666,0.1666666666666666,0.1666666666666666,0.1666666666666666,0.1666666666666666,0.1666666666666666,72058
0,0,411.0,42.66165637969971,2252,1411,841,2965,3127,0.1666666666666666,0.1666666666666666,0.1666666666666666,0.1666666666666666,0.1666666666666666,0.1666666666666666,7207
0,0,566.0,429.9505624771118,1742,3412,868,2965,2014,0.1666666666666666,0.1666666666666666,0.1666666666666666,0.1666666666666666,0.1666666666666666,0.1666666666666666,72204
0,0,566.0,430.81211137771606,1742,3412,868,2965,2014,0.1666666666666666,0.1666666666666666,0.1666666666666666,0.1666666666666666,0.1666666666666666,0.1666666666666666,72346
0,0,566.0,431.6992435455322,1742,3412,868,2965,2014,0.1666666666666666,0.1666666666666666,0.1666666666666666,0.1666666666666666,0.1666666666666666,0.1666666666666666,72492
0,0,566.0,432.5842204093933,1742,3412,868,2965,2014,0.1666666666666666,0.1666666666666666,0.1666666666666666,0.1666666666666666,0.1666666666666666,0.1666666666666666,72639
0,0,566.0,433.4820513725281,1742,3412,868,2965,2014,0.1666666666666666,0.1666666666666666,0.1666666666666666,0.1666666666666666,0.1666666666666666,0.1666666666666666,72788
0,0,566.0,434.3398268222809,1742,3412,868,2965,2014,0.1666666666666666,0.1666666666666666,0.1666666666666666,0.1666666666666666,0.1666666666666666,0.1666666666666666,72932
0,0,566.0,435.2040147781372,1742,3412,868,2965,2014,0.1666666666666666,0.1666666666666666,0.1666666666666666,0.1666666666666666,0.1666666666666666,0.1666666666666666,73076
0,0,566.0,436.0481247901917,1742,3412,868,2965,2014,0.1666666666666666,0.1666666666666666,0.1666666666666666,0.1666666666666666,0.1666666666666666,0.1666666666666666,73220
0,0,566.0,436.9055769443512,1742,3412,868,2965,2014,0.1666666666666666,0.1666666666666666,0.1666666666666666,0.1666666666666666,0.1666666666666666,0.1666666666666666,73364
0,0,566.0,437.7872681617737,1742,3412,868,2965,2014,0.1666666666666666,0.1666666666666666,0.1666666666666666,0.1666666666666666,0.1666666666666666,0.1666666666666666,73511
0,0,411.0,43.57398295402527,2252,1411,841,2965,3127,0.1666666666666666,0.1666666666666666,0.1666666666666666,0.1666666666666666,0.1666666666666666,0.1666666666666666,7355
0,0,566.0,438.6498696804047,1742,3412,868,2965,2014,0.1666666666666666,0.1666666666666666,0.1666666666666666,0.1666666666666666,0.1666666666666666,0.1666666666666666,73657
0,0,566.0,439.55254650115967,1742,3412,868,2965,2014,0.1666666666666666,0.1666666666666666,0.1666666666666666,0.1666666666666666,0.1666666666666666,0.1666666666666666,73808
0,0,566.0,440.37652683258057,1742,3412,868,2965,2014,0.1666666666666666,0.1666666666666666,0.1666666666666666,0.1666666666666666,0.1666666666666666,0.1666666666666666,73951
0,0,566.0,441.2267971038818,1742,3412,868,2965,2014,0.1666666666666666,0.1666666666666666,0.1666666666666666,0.1666666666666666,0.1666666666666666,0.1666666666666666,74097
0,0,566.0,442.1099314689636,1742,3412,868,2965,2014,0.1666666666666666,0.1666666666666666,0.1666666666666666,0.1666666666666666,0.1666666666666666,0.1666666666666666,74237
0,0,566.0,442.93661642074585,1742,3412,868,2965,2014,0.1666666666666666,0.1666666666666666,0.1666666666666666,0.1666666666666666,0.1666666666666666,0.1666666666666666,74381
0,0,566.0,443.8102066516876,1742,3412,868,2965,2014,0.1666666666666666,0.1666666666666666,0.1666666666666666,0.1666666666666666,0.1666666666666666,0.1666666666666666,74529
0,0,566.0,444.6616597175598,1742,3412,868,2965,2014,0.1666666666666666,0.1666666666666666,0.1666666666666666,0.1666666666666666,0.1666666666666666,0.1666666666666666,74673
0,0,566.0,445.52827548980713,1742,3412,868,2965,2014,0.1666666666666666,0.1666666666666666,0.1666666666666666,0.1666666666666666,0.1666666666666666,0.1666666666666666,74817
0,0,566.0,446.4250738620758,1742,3412,868,2965,2014,0.1666666666666666,0.1666666666666666,0.1666666666666666,0.1666666666666666,0.1666666666666666,0.1666666666666666,74964
0,0,411.0,44.45226836204529,2252,1411,841,2965,3127,0.1666666666666666,0.1666666666666666,0.1666666666666666,0.1666666666666666,0.1666666666666666,0.1666666666666666,7498
0,0,566.0,447.3137106895447,1742,3412,868,2965,2014,0.1666666666666666,0.1666666666666666,0.1666666666666666,0.1666666666666666,0.1666666666666666,0.1666666666666666,75108
0,0,566.0,448.1663038730621,1742,3412,868,2965,2014,0.1666666666666666,0.1666666666666666,0.1666666666666666,0.1666666666666666,0.1666666666666666,0.1666666666666666,75253
0,0,566.0,449.030041217804,1742,3412,868,2965,2014,0.1666666666666666,0.1666666666666666,0.1666666666666666,0.1666666666666666,0.1666666666666666,0.1666666666666666,75397
0,0,566.0,449.8900034427643,1742,3412,868,2965,2014,0.1666666666666666,0.1666666666666666,0.1666666666666666,0.1666666666666666,0.1666666666666666,0.1666666666666666,75540
0,0,566.0,450.7977793216705,1742,3412,868,2965,2014,0.1666666666666666,0.1666666666666666,0.1666666666666666,0.1666666666666666,0.1666666666666666,0.1666666666666666,75687
0,0,566.0,451.6293466091156,1742,3412,868,2965,2014,0.1666666666666666,0.1666666666666666,0.1666666666666666,0.1666666666666666,0.1666666666666666,0.1666666666666666,75828
0,0,566.0,452.4571084976196,1742,3412,868,2965,2014,0.1666666666666666,0.1666666666666666,0.1666666666666666,0.1666666666666666,0.1666666666666666,0.1666666666666666,75971
0,0,566.0,453.36011505126953,1742,3412,868,2965,2014,0.1666666666666666,0.1666666666666666,0.1666666666666666,0.1666666666666666,0.1666666666666666,0.1666666666666666,76116
0,0,566.0,454.2447807788849,1742,3412,868,2965,2014,0.1666666666666666,0.1666666666666666,0.1666666666666666,0.1666666666666666,0.1666666666666666,0.1666666666666666,76259
0,0,566.0,455.3240399360657,1742,3412,868,2965,2014,0.1666666666666666,0.1666666666666666,0.1666666666666666,0.1666666666666666,0.1666666666666666,0.1666666666666666,76402
0,0,411.0,45.326544523239136,2252,1411,841,2965,3127,0.1666666666666666,0.1666666666666666,0.1666666666666666,0.1666666666666666,0.1666666666666666,0.1666666666666666,7643
0,0,566.0,456.2082498073578,1742,3412,868,2965,2014,0.1666666666666666,0.1666666666666666,0.1666666666666666,0.1666666666666666,0.1666666666666666,0.1666666666666666,76547
0,0,566.0,457.1551115512848,1742,3412,868,2965,2014,0.1666666666666666,0.1666666666666666,0.1666666666666666,0.1666666666666666,0.1666666666666666,0.1666666666666666,76696
0,0,566.0,458.045845746994,1742,3412,868,2965,2014,0.1666666666666666,0.1666666666666666,0.1666666666666666,0.1666666666666666,0.1666666666666666,0.1666666666666666,76842
0,0,566.0,458.9141285419464,1742,3412,868,2965,2014,0.1666666666666666,0.1666666666666666,0.1666666666666666,0.1666666666666666,0.1666666666666666,0.1666666666666666,76988
0,0,566.0,459.7704334259033,1742,3412,868,2965,2014,0.1666666666666666,0.1666666666666666,0.1666666666666666,0.1666666666666666,0.1666666666666666,0.1666666666666666,77131
0,0,566.0,460.6232147216797,1742,3412,868,2965,2014,0.1666666666666666,0.1666666666666666,0.1666666666666666,0.1666666666666666,0.1666666666666666,0.1666666666666666,77273
0,0,566.0,461.5121743679047,1742,3412,868,2965,2014,0.1666666666666666,0.1666666666666666,0.1666666666666666,0.1666666666666666,0.1666666666666666,0.1666666666666666,77421
0,0,566.0,462.4796085357666,1742,3412,868,2965,2014,0.1666666666666666,0.1666666666666666,0.1666666666666666,0.1666666666666666,0.1666666666666666,0.1666666666666666,77568
0,0,566.0,463.61705899238586,1742,3412,868,2965,2014,0.1666666666666666,0.1666666666666666,0.1666666666666666,0.1666666666666666,0.1666666666666666,0.1666666666666666,77716
0,0,566.0,464.55639815330505,1742,3412,868,2965,2014,0.1666666666666666,0.1666666666666666,0.1666666666666666,0.1666666666666666,0.1666666666666666,0.1666666666666666,77864
0,0,411.0,46.18589472770691,2252,1411,841,2965,3127,0.1666666666666666,0.1666666666666666,0.1666666666666666,0.1666666666666666,0.1666666666666666,0.1666666666666666,7787
0,0,566.0,465.3841323852539,1742,3412,868,2965,2014,0.1666666666666666,0.1666666666666666,0.1666666666666666,0.1666666666666666,0.1666666666666666,0.1666666666666666,78009
0,0,566.0,466.2625069618225,1742,3412,868,2965,2014,0.1666666666666666,0.1666666666666666,0.1666666666666666,0.1666666666666666,0.1666666666666666,0.1666666666666666,78152
0,0,566.0,467.115061044693,1742,3412,868,2965,2014,0.1666666666666666,0.1666666666666666,0.1666666666666666,0.1666666666666666,0.1666666666666666,0.1666666666666666,78297
0,0,566.0,468.0446753501892,1742,3412,868,2965,2014,0.1666666666666666,0.1666666666666666,0.1666666666666666,0.1666666666666666,0.1666666666666666,0.1666666666666666,78443
0,0,566.0,468.8566107749939,1742,3412,868,2965,2014,0.1666666666666666,0.1666666666666666,0.1666666666666666,0.1666666666666666,0.1666666666666666,0.1666666666666666,78589
0,0,566.0,469.7236807346344,1742,3412,868,2965,2014,0.1666666666666666,0.1666666666666666,0.1666666666666666,0.1666666666666666,0.1666666666666666,0.1666666666666666,78737
0,0,566.0,470.5404839515686,1742,3412,868,2965,2014,0.1666666666666666,0.1666666666666666,0.1666666666666666,0.1666666666666666,0.1666666666666666,0.1666666666666666,78880
0,0,566.0,471.4137132167816,1742,3412,868,2965,2014,0.1666666666666666,0.1666666666666666,0.1666666666666666,0.1666666666666666,0.1666666666666666,0.1666666666666666,79026
0,0,566.0,472.2895016670227,1742,3412,868,2965,2014,0.1666666666666666,0.1666666666666666,0.1666666666666666,0.1666666666666666,0.1666666666666666,0.1666666666666666,79172
0,0,566.0,473.1413531303406,1742,3412,868,2965,2014,0.1666666666666666,0.1666666666666666,0.1666666666666666,0.1666666666666666,0.1666666666666666,0.1666666666666666,79316
0,0,411.0,47.05265116691589,2252,1411,841,2965,3127,0.1666666666666666,0.1666666666666666,0.1666666666666666,0.1666666666666666,0.1666666666666666,0.1666666666666666,7932
0,0,566.0,474.0230922698975,1742,3412,868,2965,2014,0.1666666666666666,0.1666666666666666,0.1666666666666666,0.1666666666666666,0.1666666666666666,0.1666666666666666,79463
0,0,566.0,474.8720388412476,1742,3412,868,2965,2014,0.1666666666666666,0.1666666666666666,0.1666666666666666,0.1666666666666666,0.1666666666666666,0.1666666666666666,79608
0,0,566.0,475.7365307807922,1742,3412,868,2965,2014,0.1666666666666666,0.1666666666666666,0.1666666666666666,0.1666666666666666,0.1666666666666666,0.1666666666666666,79750
0,0,566.0,476.5830795764923,1742,3412,868,2965,2014,0.1666666666666666,0.1666666666666666,0.1666666666666666,0.1666666666666666,0.1666666666666666,0.1666666666666666,79900
0,0,566.0,477.4346580505371,1742,3412,868,2965,2014,0.1666666666666666,0.1666666666666666,0.1666666666666666,0.1666666666666666,0.1666666666666666,0.1666666666666666,80044
0,0,566.0,478.2811439037323,1742,3412,868,2965,2014,0.1666666666666666,0.1666666666666666,0.1666666666666666,0.1666666666666666,0.1666666666666666,0.1666666666666666,80189
0,0,566.0,479.1562428474426,1742,3412,868,2965,2014,0.1666666666666666,0.1666666666666666,0.1666666666666666,0.1666666666666666,0.1666666666666666,0.1666666666666666,80332
0,0,566.0,479.9783594608307,1742,3412,868,2965,2014,0.1666666666666666,0.1666666666666666,0.1666666666666666,0.1666666666666666,0.1666666666666666,0.1666666666666666,80478
0,0,566.0,480.8263123035431,1742,3412,868,2965,2014,0.1666666666666666,0.1666666666666666,0.1666666666666666,0.1666666666666666,0.1666666666666666,0.1666666666666666,80626
0,0,411.0,47.92235589027405,2252,1411,841,2965,3127,0.1666666666666666,0.1666666666666666,0.1666666666666666,0.1666666666666666,0.1666666666666666,0.1666666666666666,8075
0,0,566.0,481.707501411438,1742,3412,868,2965,2014,0.1666666666666666,0.1666666666666666,0.1666666666666666,0.1666666666666666,0.1666666666666666,0.1666666666666666,80772
0,0,566.0,482.57354378700256,1742,3412,868,2965,2014,0.1666666666666666,0.1666666666666666,0.1666666666666666,0.1666666666666666,0.1666666666666666,0.1666666666666666,80918
0,0,566.0,483.4312453269959,1742,3412,868,2965,2014,0.1666666666666666,0.1666666666666666,0.1666666666666666,0.1666666666666666,0.1666666666666666,0.1666666666666666,81065
0,0,566.0,484.2827043533325,1742,3412,868,2965,2014,0.1666666666666666,0.1666666666666666,0.1666666666666666,0.1666666666666666,0.1666666666666666,0.1666666666666666,81212
0,0,566.0,485.1201581954956,1742,3412,868,2965,2014,0.1666666666666666,0.1666666666666666,0.1666666666666666,0.1666666666666666,0.1666666666666666,0.1666666666666666,81356
0,0,566.0,486.01606941223145,1742,3412,868,2965,2014,0.1666666666666666,0.1666666666666666,0.1666666666666666,0.1666666666666666,0.1666666666666666,0.1666666666666666,81504
0,0,566.0,486.917160987854,1742,3412,868,2965,2014,0.1666666666666666,0.1666666666666666,0.1666666666666666,0.1666666666666666,0.1666666666666666,0.1666666666666666,81650
0,0,566.0,487.7592990398407,1742,3412,868,2965,2014,0.1666666666666666,0.1666666666666666,0.1666666666666666,0.1666666666666666,0.1666666666666666,0.1666666666666666,81794
0,0,566.0,488.6160640716553,1742,3412,868,2965,2014,0.1666666666666666,0.1666666666666666,0.1666666666666666,0.1666666666666666,0.1666666666666666,0.1666666666666666,81937
0,0,566.0,489.4415094852448,1742,3412,868,2965,2014,0.1666666666666666,0.1666666666666666,0.1666666666666666,0.1666666666666666,0.1666666666666666,0.1666666666666666,82078
0,0,411.0,48.83471632003784,2252,1411,841,2965,3127,0.1666666666666666,0.1666666666666666,0.1666666666666666,0.1666666666666666,0.1666666666666666,0.1666666666666666,8222
0,0,566.0,490.3114659786224,1742,3412,868,2965,2014,0.1666666666666666,0.1666666666666666,0.1666666666666666,0.1666666666666666,0.1666666666666666,0.1666666666666666,82225
0,0,566.0,491.1755750179291,1742,3412,868,2965,2014,0.1666666666666666,0.1666666666666666,0.1666666666666666,0.1666666666666666,0.1666666666666666,0.1666666666666666,82370
0,0,283.0,4.827000617980957,2349,218,456,1769,2077,0.1666666666666666,0.1666666666666666,0.1666666666666666,0.1666666666666666,0.1666666666666666,0.1666666666666666,824
0,0,566.0,492.00090646743774,1742,3412,868,2965,2014,0.1666666666666666,0.1666666666666666,0.1666666666666666,0.1666666666666666,0.1666666666666666,0.1666666666666666,82512
0,0,566.0,492.9290680885315,1742,3412,868,2965,2014,0.1666666666666666,0.1666666666666666,0.1666666666666666,0.1666666666666666,0.1666666666666666,0.1666666666666666,82659
0,0,566.0,493.81301045417786,1742,3412,868,2965,2014,0.1666666666666666,0.1666666666666666,0.1666666666666666,0.1666666666666666,0.1666666666666666,0.1666666666666666,82807
0,0,566.0,494.65945625305176,1742,3412,868,2965,2014,0.1666666666666666,0.1666666666666666,0.1666666666666666,0.1666666666666666,0.1666666666666666,0.1666666666666666,82946
0,0,566.0,495.5291755199432,1742,3412,868,2965,2014,0.1666666666666666,0.1666666666666666,0.1666666666666666,0.1666666666666666,0.1666666666666666,0.1666666666666666,83091
0,0,566.0,496.4135491847992,1742,3412,868,2965,2014,0.1666666666666666,0.1666666666666666,0.1666666666666666,0.1666666666666666,0.1666666666666666,0.1666666666666666,83237
0,0,566.0,497.2540485858917,1742,3412,868,2965,2014,0.1666666666666666,0.1666666666666666,0.1666666666666666,0.1666666666666666,0.1666666666666666,0.1666666666666666,83380
0,0,566.0,498.155713558197,1742,3412,868,2965,2014,0.1666666666666666,0.1666666666666666,0.1666666666666666,0.1666666666666666,0.1666666666666666,0.1666666666666666,83525
0,0,566.0,499.02928471565247,1742,3412,868,2965,2014,0.1666666666666666,0.1666666666666666,0.1666666666666666,0.1666666666666666,0.1666666666666666,0.1666666666666666,83669
0,0,411.0,49.71027874946594,2252,1411,841,2965,3127,0.1666666666666666,0.1666666666666666,0.1666666666666666,0.1666666666666666,0.1666666666666666,0.1666666666666666,8368
0,0,566.0,499.8895094394684,1742,3412,868,2965,2014,0.1666666666666666,0.1666666666666666,0.1666666666666666,0.1666666666666666,0.1666666666666666,0.1666666666666666,83816
0,0,566.0,500.6968939304352,1742,3412,868,2965,2014,0.1666666666666666,0.1666666666666666,0.1666666666666666,0.1666666666666666,0.1666666666666666,0.1666666666666666,83957
0,0,566.0,501.5899720191956,1742,3412,868,2965,2014,0.1666666666666666,0.1666666666666666,0.1666666666666666,0.1666666666666666,0.1666666666666666,0.1666666666666666,84106
0,0,566.0,502.4314568042755,1742,3412,868,2965,2014,0.1666666666666666,0.1666666666666666,0.1666666666666666,0.1666666666666666,0.1666666666666666,0.1666666666666666,84250
0,0,566.0,503.3865337371826,1742,3412,868,2965,2014,0.1666666666666666,0.1666666666666666,0.1666666666666666,0.1666666666666666,0.1666666666666666,0.1666666666666666,84398
0,0,566.0,504.2261962890625,1742,3412,868,2965,2014,0.1666666666666666,0.1666666666666666,0.1666666666666666,0.1666666666666666,0.1666666666666666,0.1666666666666666,84544
0,0,566.0,505.0586662292481,1742,3412,868,2965,2014,0.1666666666666666,0.1666666666666666,0.1666666666666666,0.1666666666666666,0.1666666666666666,0.1666666666666666,84685
0,0,566.0,505.92385935783386,1742,3412,868,2965,2014,0.1666666666666666,0.1666666666666666,0.1666666666666666,0.1666666666666666,0.1666666666666666,0.1666666666666666,84828
0,0,566.0,506.800157546997,1742,3412,868,2965,2014,0.1666666666666666,0.1666666666666666,0.1666666666666666,0.1666666666666666,0.1666666666666666,0.1666666666666666,84976
0,0,411.0,50.54515600204468,2252,1411,841,2965,3127,0.1666666666666666,0.1666666666666666,0.1666666666666666,0.1666666666666666,0.1666666666666666,0.1666666666666666,8512
0,0,566.0,507.6679770946503,1742,3412,868,2965,2014,0.1666666666666666,0.1666666666666666,0.1666666666666666,0.1666666666666666,0.1666666666666666,0.1666666666666666,85122
0,0,566.0,508.54195642471313,1742,3412,868,2965,2014,0.1666666666666666,0.1666666666666666,0.1666666666666666,0.1666666666666666,0.1666666666666666,0.1666666666666666,85266
0,0,566.0,509.4501769542694,1742,3412,868,2965,2014,0.1666666666666666,0.1666666666666666,0.1666666666666666,0.1666666666666666,0.1666666666666666,0.1666666666666666,85414
0,0,566.0,510.2913453578949,1742,3412,868,2965,2014,0.1666666666666666,0.1666666666666666,0.1666666666666666,0.1666666666666666,0.1666666666666666,0.1666666666666666,85562
0,0,566.0,511.15949749946594,1742,3412,868,2965,2014,0.1666666666666666,0.1666666666666666,0.1666666666666666,0.1666666666666666,0.1666666666666666,0.1666666666666666,85709
0,0,566.0,512.0556325912476,1742,3412,868,2965,2014,0.1666666666666666,0.1666666666666666,0.1666666666666666,0.1666666666666666,0.1666666666666666,0.1666666666666666,85859
0,0,566.0,512.9878478050232,1742,3412,868,2965,2014,0.1666666666666666,0.1666666666666666,0.1666666666666666,0.1666666666666666,0.1666666666666666,0.1666666666666666,86004
0,0,566.0,513.9090259075165,1742,3412,868,2965,2014,0.1666666666666666,0.1666666666666666,0.1666666666666666,0.1666666666666666,0.1666666666666666,0.1666666666666666,86152
0,0,566.0,514.7916209697723,1742,3412,868,2965,2014,0.1666666666666666,0.1666666666666666,0.1666666666666666,0.1666666666666666,0.1666666666666666,0.1666666666666666,86298
0,0,566.0,515.6778993606567,1742,3412,868,2965,2014,0.1666666666666666,0.1666666666666666,0.1666666666666666,0.1666666666666666,0.1666666666666666,0.1666666666666666,86444
0,0,411.0,51.35372996330261,2252,1411,841,2965,3127,0.1666666666666666,0.1666666666666666,0.1666666666666666,0.1666666666666666,0.1666666666666666,0.1666666666666666,8652
0,0,566.0,516.5459861755371,1742,3412,868,2965,2014,0.1666666666666666,0.1666666666666666,0.1666666666666666,0.1666666666666666,0.1666666666666666,0.1666666666666666,86588
0,0,566.0,517.4771964550018,1742,3412,868,2965,2014,0.1666666666666666,0.1666666666666666,0.1666666666666666,0.1666666666666666,0.1666666666666666,0.1666666666666666,86736
0,0,566.0,518.3654146194458,1742,3412,868,2965,2014,0.1666666666666666,0.1666666666666666,0.1666666666666666,0.1666666666666666,0.1666666666666666,0.1666666666666666,86881
0,0,566.0,519.2812461853027,1742,3412,868,2965,2014,0.1666666666666666,0.1666666666666666,0.1666666666666666,0.1666666666666666,0.1666666666666666,0.1666666666666666,87025
0,0,566.0,520.1654410362244,1742,3412,868,2965,2014,0.1666666666666666,0.1666666666666666,0.1666666666666666,0.1666666666666666,0.1666666666666666,0.1666666666666666,87171
0,0,566.0,521.0711164474487,1742,3412,868,2965,2014,0.1666666666666666,0.1666666666666666,0.1666666666666666,0.1666666666666666,0.1666666666666666,0.1666666666666666,87316
0,0,566.0,521.9201228618622,1742,3412,868,2965,2014,0.1666666666666666,0.1666666666666666,0.1666666666666666,0.1666666666666666,0.1666666666666666,0.1666666666666666,87460
0,0,566.0,522.8098561763763,1742,3412,868,2965,2014,0.1666666666666666,0.1666666666666666,0.1666666666666666,0.1666666666666666,0.1666666666666666,0.1666666666666666,87607
0,0,566.0,523.6697809696198,1742,3412,868,2965,2014,0.1666666666666666,0.1666666666666666,0.1666666666666666,0.1666666666666666,0.1666666666666666,0.1666666666666666,87756
0,0,566.0,524.5246248245239,1742,3412,868,2965,2014,0.1666666666666666,0.1666666666666666,0.1666666666666666,0.1666666666666666,0.1666666666666666,0.1666666666666666,87901
0,0,411.0,52.18674302101135,2252,1411,841,2965,3127,0.1666666666666666,0.1666666666666666,0.1666666666666666,0.1666666666666666,0.1666666666666666,0.1666666666666666,8795
0,0,566.0,525.3785037994385,1742,3412,868,2965,2014,0.1666666666666666,0.1666666666666666,0.1666666666666666,0.1666666666666666,0.1666666666666666,0.1666666666666666,88044
0,0,566.0,526.2471692562103,1742,3412,868,2965,2014,0.1666666666666666,0.1666666666666666,0.1666666666666666,0.1666666666666666,0.1666666666666666,0.1666666666666666,88186
0,0,566.0,527.0940058231354,1742,3412,868,2965,2014,0.1666666666666666,0.1666666666666666,0.1666666666666666,0.1666666666666666,0.1666666666666666,0.1666666666666666,88331
0,0,566.0,527.95565533638,1742,3412,868,2965,2014,0.1666666666666666,0.1666666666666666,0.1666666666666666,0.1666666666666666,0.1666666666666666,0.1666666666666666,88473
0,0,566.0,528.8214213848114,1742,3412,868,2965,2014,0.1666666666666666,0.1666666666666666,0.1666666666666666,0.1666666666666666,0.1666666666666666,0.1666666666666666,88621
0,0,566.0,529.7157766819,1742,3412,868,2965,2014,0.1666666666666666,0.1666666666666666,0.1666666666666666,0.1666666666666666,0.1666666666666666,0.1666666666666666,88769
0,0,566.0,530.5751311779022,1742,3412,868,2965,2014,0.1666666666666666,0.1666666666666666,0.1666666666666666,0.1666666666666666,0.1666666666666666,0.1666666666666666,88915
0,0,566.0,531.4377799034119,1742,3412,868,2965,2014,0.1666666666666666,0.1666666666666666,0.1666666666666666,0.1666666666666666,0.1666666666666666,0.1666666666666666,89064
0,0,566.0,532.3126039505005,1742,3412,868,2965,2014,0.1666666666666666,0.1666666666666666,0.1666666666666666,0.1666666666666666,0.1666666666666666,0.1666666666666666,89209
0,0,566.0,533.1473100185394,1742,3412,868,2965,2014,0.1666666666666666,0.1666666666666666,0.1666666666666666,0.1666666666666666,0.1666666666666666,0.1666666666666666,89351
0,0,411.0,53.08123278617859,2252,1411,841,2965,3127,0.1666666666666666,0.1666666666666666,0.1666666666666666,0.1666666666666666,0.1666666666666666,0.1666666666666666,8943
0,0,566.0,534.0356607437134,1742,3412,868,2965,2014,0.1666666666666666,0.1666666666666666,0.1666666666666666,0.1666666666666666,0.1666666666666666,0.1666666666666666,89495
0,0,566.0,534.8546245098114,1742,3412,868,2965,2014,0.1666666666666666,0.1666666666666666,0.1666666666666666,0.1666666666666666,0.1666666666666666,0.1666666666666666,89640
0,0,566.0,535.7366642951965,1742,3412,868,2965,2014,0.1666666666666666,0.1666666666666666,0.1666666666666666,0.1666666666666666,0.1666666666666666,0.1666666666666666,89786
0,0,566.0,536.5834929943085,1742,3412,868,2965,2014,0.1666666666666666,0.1666666666666666,0.1666666666666666,0.1666666666666666,0.1666666666666666,0.1666666666666666,89932
0,0,566.0,537.4556181430817,1742,3412,868,2965,2014,0.1666666666666666,0.1666666666666666,0.1666666666666666,0.1666666666666666,0.1666666666666666,0.1666666666666666,90076
0,0,618.0,538.2911689281464,1742,3685,868,2965,2014,0.1666666666666666,0.1666666666666666,0.1666666666666666,0.1666666666666666,0.1666666666666666,0.1666666666666666,90222
0,0,618.0,539.1506938934326,1742,3685,868,2965,2014,0.1666666666666666,0.1666666666666666,0.1666666666666666,0.1666666666666666,0.1666666666666666,0.1666666666666666,90368
0,0,618.0,540.0629620552063,1742,3685,868,2965,2014,0.1666666666666666,0.1666666666666666,0.1666666666666666,0.1666666666666666,0.1666666666666666,0.1666666666666666,90516
0,0,618.0,540.9451081752777,1742,3685,868,2965,2014,0.1666666666666666,0.1666666666666666,0.1666666666666666,0.1666666666666666,0.1666666666666666,0.1666666666666666,90661
0,0,618.0,541.8304529190063,1742,3685,868,2965,2014,0.1666666666666666,0.1666666666666666,0.1666666666666666,0.1666666666666666,0.1666666666666666,0.1666666666666666,90807
0,0,411.0,53.93063640594482,2252,1411,841,2965,3127,0.1666666666666666,0.1666666666666666,0.1666666666666666,0.1666666666666666,0.1666666666666666,0.1666666666666666,9087
0,0,618.0,542.6440017223358,1742,3685,868,2965,2014,0.1666666666666666,0.1666666666666666,0.1666666666666666,0.1666666666666666,0.1666666666666666,0.1666666666666666,90952
0,0,618.0,543.4932672977448,1742,3685,868,2965,2014,0.1666666666666666,0.1666666666666666,0.1666666666666666,0.1666666666666666,0.1666666666666666,0.1666666666666666,91099
0,0,618.0,544.3357062339783,1742,3685,868,2965,2014,0.1666666666666666,0.1666666666666666,0.1666666666666666,0.1666666666666666,0.1666666666666666,0.1666666666666666,91247
0,0,618.0,545.1845662593842,1742,3685,868,2965,2014,0.1666666666666666,0.1666666666666666,0.1666666666666666,0.1666666666666666,0.1666666666666666,0.1666666666666666,91392
0,0,618.0,546.0936572551727,1742,3685,868,2965,2014,0.1666666666666666,0.1666666666666666,0.1666666666666666,0.1666666666666666,0.1666666666666666,0.1666666666666666,91537
0,0,618.0,546.9749493598938,1742,3685,868,2965,2014,0.1666666666666666,0.1666666666666666,0.1666666666666666,0.1666666666666666,0.1666666666666666,0.1666666666666666,91684
0,0,618.0,547.8182799816132,1742,3685,868,2965,2014,0.1666666666666666,0.1666666666666666,0.1666666666666666,0.1666666666666666,0.1666666666666666,0.1666666666666666,91827
0,0,618.0,548.7086062431335,1742,3685,868,2965,2014,0.1666666666666666,0.1666666666666666,0.1666666666666666,0.1666666666666666,0.1666666666666666,0.1666666666666666,91976
0,0,618.0,549.6061198711395,1742,3685,868,2965,2014,0.1666666666666666,0.1666666666666666,0.1666666666666666,0.1666666666666666,0.1666666666666666,0.1666666666666666,92125
0,0,618.0,550.5197458267212,1742,3685,868,2965,2014,0.1666666666666666,0.1666666666666666,0.1666666666666666,0.1666666666666666,0.1666666666666666,0.1666666666666666,92271
0,0,411.0,54.79085683822632,2252,1411,841,2965,3127,0.1666666666666666,0.1666666666666666,0.1666666666666666,0.1666666666666666,0.1666666666666666,0.1666666666666666,9235
0,0,618.0,551.3655698299408,1742,3685,868,2965,2014,0.1666666666666666,0.1666666666666666,0.1666666666666666,0.1666666666666666,0.1666666666666666,0.1666666666666666,92415
0,0,618.0,552.2384510040283,1742,3685,868,2965,2014,0.1666666666666666,0.1666666666666666,0.1666666666666666,0.1666666666666666,0.1666666666666666,0.1666666666666666,92561
0,0,618.0,553.0997731685638,1742,3685,868,2965,2014,0.1666666666666666,0.1666666666666666,0.1666666666666666,0.1666666666666666,0.1666666666666666,0.1666666666666666,92707
0,0,618.0,553.9779274463654,1742,3685,868,2965,2014,0.1666666666666666,0.1666666666666666,0.1666666666666666,0.1666666666666666,0.1666666666666666,0.1666666666666666,92853
0,0,618.0,554.8105635643005,1742,3685,868,2965,2014,0.1666666666666666,0.1666666666666666,0.1666666666666666,0.1666666666666666,0.1666666666666666,0.1666666666666666,92996
0,0,618.0,555.6498107910156,1742,3685,868,2965,2014,0.1666666666666666,0.1666666666666666,0.1666666666666666,0.1666666666666666,0.1666666666666666,0.1666666666666666,93138
0,0,618.0,556.5693802833557,1742,3685,868,2965,2014,0.1666666666666666,0.1666666666666666,0.1666666666666666,0.1666666666666666,0.1666666666666666,0.1666666666666666,93284
0,0,618.0,557.4521420001984,1742,3685,868,2965,2014,0.1666666666666666,0.1666666666666666,0.1666666666666666,0.1666666666666666,0.1666666666666666,0.1666666666666666,93433
0,0,618.0,558.2941579818726,1742,3685,868,2965,2014,0.1666666666666666,0.1666666666666666,0.1666666666666666,0.1666666666666666,0.1666666666666666,0.1666666666666666,93580
0,0,618.0,559.1445615291595,1742,3685,868,2965,2014,0.1666666666666666,0.1666666666666666,0.1666666666666666,0.1666666666666666,0.1666666666666666,0.1666666666666666,93724
0,0,411.0,55.62875199317932,2252,1411,841,2965,3127,0.1666666666666666,0.1666666666666666,0.1666666666666666,0.1666666666666666,0.1666666666666666,0.1666666666666666,9380
0,0,618.0,559.987991809845,1742,3685,868,2965,2014,0.1666666666666666,0.1666666666666666,0.1666666666666666,0.1666666666666666,0.1666666666666666,0.1666666666666666,93867
0,0,618.0,560.8640930652618,1742,3685,868,2965,2014,0.1666666666666666,0.1666666666666666,0.1666666666666666,0.1666666666666666,0.1666666666666666,0.1666666666666666,94012
0,0,618.0,561.7025916576385,1742,3685,868,2965,2014,0.1666666666666666,0.1666666666666666,0.1666666666666666,0.1666666666666666,0.1666666666666666,0.1666666666666666,94156
0,0,618.0,562.55859375,1742,3685,868,2965,2014,0.1666666666666666,0.1666666666666666,0.1666666666666666,0.1666666666666666,0.1666666666666666,0.1666666666666666,94296
0,0,618.0,563.4147362709045,1742,3685,868,2965,2014,0.1666666666666666,0.1666666666666666,0.1666666666666666,0.1666666666666666,0.1666666666666666,0.1666666666666666,94441
0,0,618.0,564.2907226085663,1742,3685,868,2965,2014,0.1666666666666666,0.1666666666666666,0.1666666666666666,0.1666666666666666,0.1666666666666666,0.1666666666666666,94590
0,0,618.0,565.1968150138855,1742,3685,868,2965,2014,0.1666666666666666,0.1666666666666666,0.1666666666666666,0.1666666666666666,0.1666666666666666,0.1666666666666666,94736
0,0,618.0,566.0448608398438,1742,3685,868,2965,2014,0.1666666666666666,0.1666666666666666,0.1666666666666666,0.1666666666666666,0.1666666666666666,0.1666666666666666,94881
0,0,618.0,566.8639039993286,1742,3685,868,2965,2014,0.1666666666666666,0.1666666666666666,0.1666666666666666,0.1666666666666666,0.1666666666666666,0.1666666666666666,95021
0,0,618.0,567.7565050125122,1742,3685,868,2965,2014,0.1666666666666666,0.1666666666666666,0.1666666666666666,0.1666666666666666,0.1666666666666666,0.1666666666666666,95167
0,0,411.0,56.48118805885315,2252,1411,841,2965,3127,0.1666666666666666,0.1666666666666666,0.1666666666666666,0.1666666666666666,0.1666666666666666,0.1666666666666666,9526
0,0,618.0,568.6704752445221,1742,3685,868,2965,2014,0.1666666666666666,0.1666666666666666,0.1666666666666666,0.1666666666666666,0.1666666666666666,0.1666666666666666,95312
0,0,618.0,569.5413110256195,1742,3685,868,2965,2014,0.1666666666666666,0.1666666666666666,0.1666666666666666,0.1666666666666666,0.1666666666666666,0.1666666666666666,95460
0,0,618.0,570.4420087337494,1742,3685,868,2965,2014,0.1666666666666666,0.1666666666666666,0.1666666666666666,0.1666666666666666,0.1666666666666666,0.1666666666666666,95603
0,0,618.0,571.2875680923462,1742,3685,868,2965,2014,0.1666666666666666,0.1666666666666666,0.1666666666666666,0.1666666666666666,0.1666666666666666,0.1666666666666666,95750
0,0,618.0,572.188047170639,1742,3685,868,2965,2014,0.1666666666666666,0.1666666666666666,0.1666666666666666,0.1666666666666666,0.1666666666666666,0.1666666666666666,95897
0,0,618.0,573.0479457378387,1742,3685,868,2965,2014,0.1666666666666666,0.1666666666666666,0.1666666666666666,0.1666666666666666,0.1666666666666666,0.1666666666666666,96041
0,0,618.0,573.9111783504486,1742,3685,868,2965,2014,0.1666666666666666,0.1666666666666666,0.1666666666666666,0.1666666666666666,0.1666666666666666,0.1666666666666666,96184
0,0,618.0,574.7869865894318,1742,3685,868,2965,2014,0.1666666666666666,0.1666666666666666,0.1666666666666666,0.1666666666666666,0.1666666666666666,0.1666666666666666,96329
0,0,618.0,575.6921789646149,1742,3685,868,2965,2014,0.1666666666666666,0.1666666666666666,0.1666666666666666,0.1666666666666666,0.1666666666666666,0.1666666666666666,96474
0,0,618.0,576.5539946556091,1742,3685,868,2965,2014,0.1666666666666666,0.1666666666666666,0.1666666666666666,0.1666666666666666,0.1666666666666666,0.1666666666666666,96620
0,0,283.0,5.640615701675415,2349,218,456,1769,2077,0.1666666666666666,0.1666666666666666,0.1666666666666666,0.1666666666666666,0.1666666666666666,0.1666666666666666,967
0,0,411.0,57.382002115249634,2252,1411,841,2965,3127,0.1666666666666666,0.1666666666666666,0.1666666666666666,0.1666666666666666,0.1666666666666666,0.1666666666666666,9671
0,0,618.0,577.4417431354523,1742,3685,868,2965,2014,0.1666666666666666,0.1666666666666666,0.1666666666666666,0.1666666666666666,0.1666666666666666,0.1666666666666666,96765
0,0,618.0,578.3042306900024,1742,3685,868,2965,2014,0.1666666666666666,0.1666666666666666,0.1666666666666666,0.1666666666666666,0.1666666666666666,0.1666666666666666,96910
0,0,618.0,579.1742186546326,1742,3685,868,2965,2014,0.1666666666666666,0.1666666666666666,0.1666666666666666,0.1666666666666666,0.1666666666666666,0.1666666666666666,97058
0,0,618.0,580.0580265522003,1742,3685,868,2965,2014,0.1666666666666666,0.1666666666666666,0.1666666666666666,0.1666666666666666,0.1666666666666666,0.1666666666666666,97204
0,0,618.0,580.8934066295624,1742,3685,868,2965,2014,0.1666666666666666,0.1666666666666666,0.1666666666666666,0.1666666666666666,0.1666666666666666,0.1666666666666666,97348
0,0,618.0,581.7601742744446,1742,3685,868,2965,2014,0.1666666666666666,0.1666666666666666,0.1666666666666666,0.1666666666666666,0.1666666666666666,0.1666666666666666,97492
0,0,618.0,582.5621678829193,1742,3685,868,2965,2014,0.1666666666666666,0.1666666666666666,0.1666666666666666,0.1666666666666666,0.1666666666666666,0.1666666666666666,97628
0,0,618.0,583.4751257896423,1742,3685,868,2965,2014,0.1666666666666666,0.1666666666666666,0.1666666666666666,0.1666666666666666,0.1666666666666666,0.1666666666666666,97775
0,0,618.0,584.3480670452118,1742,3685,868,2965,2014,0.1666666666666666,0.1666666666666666,0.1666666666666666,0.1666666666666666,0.1666666666666666,0.1666666666666666,97922
0,0,618.0,585.1850044727325,1742,3685,868,2965,2014,0.1666666666666666,0.1666666666666666,0.1666666666666666,0.1666666666666666,0.1666666666666666,0.1666666666666666,98067
0,0,411.0,58.257720947265625,2252,1411,841,2965,3127,0.1666666666666666,0.1666666666666666,0.1666666666666666,0.1666666666666666,0.1666666666666666,0.1666666666666666,9815
0,0,618.0,586.0864601135254,1742,3685,868,2965,2014,0.1666666666666666,0.1666666666666666,0.1666666666666666,0.1666666666666666,0.1666666666666666,0.1666666666666666,98212
0,0,625.0,586.8907825946808,1742,3685,868,2965,2653,0.1666666666666666,0.1666666666666666,0.1666666666666666,0.1666666666666666,0.1666666666666666,0.1666666666666666,98354
0,0,625.0,587.8079171180725,1742,3685,868,2965,2653,0.1666666666666666,0.1666666666666666,0.1666666666666666,0.1666666666666666,0.1666666666666666,0.1666666666666666,98497
0,0,625.0,588.6698472499847,1742,3685,868,2965,2653,0.1666666666666666,0.1666666666666666,0.1666666666666666,0.1666666666666666,0.1666666666666666,0.1666666666666666,98640
0,0,625.0,589.5446989536285,1742,3685,868,2965,2653,0.1666666666666666,0.1666666666666666,0.1666666666666666,0.1666666666666666,0.1666666666666666,0.1666666666666666,98786
0,0,625.0,590.4427146911621,1742,3685,868,2965,2653,0.1666666666666666,0.1666666666666666,0.1666666666666666,0.1666666666666666,0.1666666666666666,0.1666666666666666,98933
0,0,625.0,591.3434777259827,1742,3685,868,2965,2653,0.1666666666666666,0.1666666666666666,0.1666666666666666,0.1666666666666666,0.1666666666666666,0.1666666666666666,99082
0,0,625.0,592.254878282547,1742,3685,868,2965,2653,0.1666666666666666,0.1666666666666666,0.1666666666666666,0.1666666666666666,0.1666666666666666,0.1666666666666666,99228
0,0,625.0,593.1467254161835,1742,3685,868,2965,2653,0.1666666666666666,0.1666666666666666,0.1666666666666666,0.1666666666666666,0.1666666666666666,0.1666666666666666,99371
0,0,625.0,593.9924790859222,1742,3685,868,2965,2653,0.1666666666666666,0.1666666666666666,0.1666666666666666,0.1666666666666666,0.1666666666666666,0.1666666666666666,99515
0,0,411.0,59.10507941246033,2252,1411,841,2965,3127,0.1666666666666666,0.1666666666666666,0.1666666666666666,0.1666666666666666,0.1666666666666666,0.1666666666666666,9962
0,0,625.0,594.8325970172882,1742,3685,868,2965,2653,0.1666666666666666,0.1666666666666666,0.1666666666666666,0.1666666666666666,0.1666666666666666,0.1666666666666666,99660
0,0,625.0,595.6677045822144,1742,3685,868,2965,2653,0.1666666666666666,0.1666666666666666,0.1666666666666666,0.1666666666666666,0.1666666666666666,0.1666666666666666,99804
0,0,625.0,596.6029915809631,1742,3685,868,2965,2653,0.1666666666666666,0.1666666666666666,0.1666666666666666,0.1666666666666666,0.1666666666666666,0.1666666666666666,99952
